2018-08-23 00:10:48.868 @SHFE F NI 1901|2018-08-23 00:10:48|3|111720.000000|39932|1|0.000000|0|0.000000|0|0.000000|0|0.000000|0|0.000000|0|0.000000|0|0.000000|0|0.000000|0|0.000000|0|0.000000|0|0|0.000000|0.000000|0.000000|0.000000|0.000000|0.000000
2018-08-23 00:10:51.120 @SHFE F NI 1901|2018-08-23 00:10:51.710|3|111720.000000|2|5|111680.000000|4|111710.000000|1|0.000000|0|0.000000|0|0.000000|0|0.000000|0|0.000000|0|0.000000|0|0.000000|0|0.000000|0|93832|111760.000000|113380.000000|110880.000000|111450.000000|119200.000000|105710.000000
2018-08-23 00:10:53.374 @SHFE F NI 1901|2018-08-23 00:10:53.962|3|111680.000000|8|5|111670.000000|1|111700.000000|3|0.000000|0|0.000000|0|0.000000|0|0.000000|0|0.000000|0|0.000000|0|0.000000|0|0.000000|0|93830|111760.000000|113380.000000|110880.000000|111450.000000|119200.000000|105710.000000
2018-08-23 00:11:03.134 @SHFE F NI 1901|2018-08-23 00:11:03.723|3|111680.000000|8|5|111670.000000|2|111700.000000|3|0.000000|0|0.000000|0|0.000000|0|0.000000|0|0.000000|0|0.000000|0|0.000000|0|0.000000|0|93830|111760.000000|113380.000000|110880.000000|111450.000000|119200.000000|105710.000000
2018-08-23 00:18:23.738 @IC1903|00:18:23.738|3|4680.000000|277|1|4669.200000|1|4688.800000|1|0.000000|0|0.000000|0|0.000000|0|0.000000|0|0.000000|0|0.000000|0|0.000000|0|0.000000|0|1485|4622.000000|4725.000000|4611.000000|4635.000000|5081.600000|4158.000000
2018-08-23 00:18:29.807 @IC1903|00:18:29.807|3|4680.000000|277|1|4669.200000|1|4700.000000|1|0.000000|0|0.000000|0|0.000000|0|0.000000|0|0.000000|0|0.000000|0|0.000000|0|0.000000|0|1485|4622.000000|4725.000000|4611.000000|4635.000000|5081.600000|4158.000000
2018-08-23 00:18:30.300 @IC1903|00:18:30.300|3|4680.000000|277|1|4669.200000|1|4692.400000|1|0.000000|0|0.000000|0|0.000000|0|0.000000|0|0.000000|0|0.000000|0|0.000000|0|0.000000|0|1485|4622.000000|4725.000000|4611.000000|4635.000000|5081.600000|4158.000000
2018-08-23 00:18:30.815 @IC1903|00:18:30.815|3|4680.000000|277|1|4669.200000|1|4692.200000|1|0.000000|0|0.000000|0|0.000000|0|0.000000|0|0.000000|0|0.000000|0|0.000000|0|0.000000|0|1485|4622.000000|4725.000000|4611.000000|4635.000000|5081.600000|4158.000000
2018-08-23 00:18:31.319 @IC1903|00:18:31.318|3|4680.000000|277|1|4669.200000|1|4692.200000|1|0.000000|0|0.000000|0|0.000000|0|0.000000|0|0.000000|0|0.000000|0|0.000000|0|0.000000|0|1485|4622.000000|4725.000000|4611.000000|4635.000000|5081.600000|4158.000000
2018-08-23 00:18:32.316 @IC1903|00:18:32.316|3|4680.000000|277|1|4669.200000|1|4690.200000|1|0.000000|0|0.000000|0|0.000000|0|0.000000|0|0.000000|0|0.000000|0|0.000000|0|0.000000|0|1485|4622.000000|4725.000000|4611.000000|4635.000000|5081.600000|4158.000000
2018-08-23 00:18:32.810 @IC1903|00:18:32.810|3|4680.000000|277|1|4669.200000|1|4690.000000|1|0.000000|0|0.000000|0|0.000000|0|0.000000|0|0.000000|0|0.000000|0|0.000000|0|0.000000|0|1485|4622.000000|4725.000000|4611.000000|4635.000000|5081.600000|4158.000000
2018-08-23 00:18:33.815 @IC1903|00:18:33.815|3|4680.000000|277|1|4673.000000|1|4690.000000|1|0.000000|0|0.000000|0|0.000000|0|0.000000|0|0.000000|0|0.000000|0|0.000000|0|0.000000|0|1485|4622.000000|4725.000000|4611.000000|4635.000000|5081.600000|4158.000000
2018-08-23 00:18:34.821 @IC1903|00:18:34.821|3|4680.000000|277|1|4673.000000|1|4689.400000|1|0.000000|0|0.000000|0|0.000000|0|0.000000|0|0.000000|0|0.000000|0|0.000000|0|0.000000|0|1485|4622.000000|4725.000000|4611.000000|4635.000000|5081.600000|4158.000000
2018-08-23 00:18:35.305 @IC1903|00:18:35.305|3|4680.000000|277|1|4673.000000|1|4689.200000|1|0.000000|0|0.000000|0|0.000000|0|0.000000|0|0.000000|0|0.000000|0|0.000000|0|0.000000|0|1485|4622.000000|4725.000000|4611.000000|4635.000000|5081.600000|4158.000000
2018-08-23 00:18:35.823 @IC1903|00:18:35.823|3|4680.000000|277|1|4673.000000|1|4689.200000|1|0.000000|0|0.000000|0|0.000000|0|0.000000|0|0.000000|0|0.000000|0|0.000000|0|0.000000|0|1485|4622.000000|4725.000000|4611.000000|4635.000000|5081.600000|4158.000000
2018-08-23 00:18:36.820 @IC1903|00:18:36.820|3|4680.000000|277|1|4673.200000|1|4689.200000|1|0.000000|0|0.000000|0|0.000000|0|0.000000|0|0.000000|0|0.000000|0|0.000000|0|0.000000|0|1485|4622.000000|4725.000000|4611.000000|4635.000000|5081.600000|4158.000000
2018-08-23 00:18:37.312 @IC1903|00:18:37.311|3|4680.000000|277|1|4673.200000|1|4688.800000|1|0.000000|0|0.000000|0|0.000000|0|0.000000|0|0.000000|0|0.000000|0|0.000000|0|0.000000|0|1485|4622.000000|4725.000000|4611.000000|4635.000000|5081.600000|4158.000000
2018-08-23 00:18:37.806 @IC1903|00:18:37.806|3|4680.000000|277|1|4673.200000|1|4688.600000|1|0.000000|0|0.000000|0|0.000000|0|0.000000|0|0.000000|0|0.000000|0|0.000000|0|0.000000|0|1485|4622.000000|4725.000000|4611.000000|4635.000000|5081.600000|4158.000000
2018-08-23 00:18:39.310 @IC1903|00:18:39.310|3|4680.000000|277|1|4673.200000|1|4688.800000|1|0.000000|0|0.000000|0|0.000000|0|0.000000|0|0.000000|0|0.000000|0|0.000000|0|0.000000|0|1485|4622.000000|4725.000000|4611.000000|4635.000000|5081.600000|4158.000000
2018-08-23 00:18:57.818 @IC1903|00:18:57.818|3|4680.000000|277|1|4675.600000|1|4688.800000|1|0.000000|0|0.000000|0|0.000000|0|0.000000|0|0.000000|0|0.000000|0|0.000000|0|0.000000|0|1485|4622.000000|4725.000000|4611.000000|4635.000000|5081.600000|4158.000000
2018-08-23 00:19:01.821 @IC1903|00:19:01.821|3|4680.000000|277|1|4675.600000|1|4688.800000|1|0.000000|0|0.000000|0|0.000000|0|0.000000|0|0.000000|0|0.000000|0|0.000000|0|0.000000|0|1485|4622.000000|4725.000000|4611.000000|4635.000000|5081.600000|4158.000000
2018-08-23 00:19:03.315 @IC1903|00:19:03.315|3|4680.000000|277|1|4675.800000|1|4688.800000|1|0.000000|0|0.000000|0|0.000000|0|0.000000|0|0.000000|0|0.000000|0|0.000000|0|0.000000|0|1485|4622.000000|4725.000000|4611.000000|4635.000000|5081.600000|4158.000000
2018-08-23 00:19:07.819 @IC1903|00:19:07.818|3|4680.000000|277|1|4675.800000|1|4688.800000|1|0.000000|0|0.000000|0|0.000000|0|0.000000|0|0.000000|0|0.000000|0|0.000000|0|0.000000|0|1485|4622.000000|4725.000000|4611.000000|4635.000000|5081.600000|4158.000000
2018-08-23 00:19:12.809 @IC1903|00:19:12.809|3|4680.000000|277|1|4675.800000|1|4688.400000|1|0.000000|0|0.000000|0|0.000000|0|0.000000|0|0.000000|0|0.000000|0|0.000000|0|0.000000|0|1485|4622.000000|4725.000000|4611.000000|4635.000000|5081.600000|4158.000000
2018-08-23 00:19:13.304 @IC1903|00:19:13.303|3|4680.000000|277|1|4676.600000|1|4688.400000|1|0.000000|0|0.000000|0|0.000000|0|0.000000|0|0.000000|0|0.000000|0|0.000000|0|0.000000|0|1485|4622.000000|4725.000000|4611.000000|4635.000000|5081.600000|4158.000000
2018-08-23 00:19:16.300 @IC1903|00:19:16.300|3|4680.000000|277|1|4676.600000|1|4688.400000|1|0.000000|0|0.000000|0|0.000000|0|0.000000|0|0.000000|0|0.000000|0|0.000000|0|0.000000|0|1485|4622.000000|4725.000000|4611.000000|4635.000000|5081.600000|4158.000000
2018-08-23 00:19:23.320 @IC1903|00:19:23.320|3|4680.000000|277|1|4676.600000|1|4688.400000|1|0.000000|0|0.000000|0|0.000000|0|0.000000|0|0.000000|0|0.000000|0|0.000000|0|0.000000|0|1485|4622.000000|4725.000000|4611.000000|4635.000000|5081.600000|4158.000000
2018-08-23 00:19:28.314 @IC1903|00:19:28.314|3|4680.000000|277|1|4676.600000|1|4688.000000|1|0.000000|0|0.000000|0|0.000000|0|0.000000|0|0.000000|0|0.000000|0|0.000000|0|0.000000|0|1485|4622.000000|4725.000000|4611.000000|4635.000000|5081.600000|4158.000000
2018-08-23 00:19:29.323 @IC1903|00:19:29.323|3|4680.000000|277|1|4676.600000|1|4686.400000|1|0.000000|0|0.000000|0|0.000000|0|0.000000|0|0.000000|0|0.000000|0|0.000000|0|0.000000|0|1485|4622.000000|4725.000000|4611.000000|4635.000000|5081.600000|4158.000000
2018-08-23 00:19:29.812 @IC1903|00:19:29.812|3|4680.000000|277|1|4676.600000|1|4686.400000|1|0.000000|0|0.000000|0|0.000000|0|0.000000|0|0.000000|0|0.000000|0|0.000000|0|0.000000|0|1485|4622.000000|4725.000000|4611.000000|4635.000000|5081.600000|4158.000000
2018-08-23 00:19:30.315 @IC1903|00:19:30.315|3|4680.000000|277|1|4676.600000|1|4686.400000|1|0.000000|0|0.000000|0|0.000000|0|0.000000|0|0.000000|0|0.000000|0|0.000000|0|0.000000|0|1485|4622.000000|4725.000000|4611.000000|4635.000000|5081.600000|4158.000000
2018-08-23 00:19:30.818 @IC1903|00:19:30.818|3|4680.000000|277|1|4676.600000|1|4685.600000|1|0.000000|0|0.000000|0|0.000000|0|0.000000|0|0.000000|0|0.000000|0|0.000000|0|0.000000|0|1485|4622.000000|4725.000000|4611.000000|4635.000000|5081.600000|4158.000000
2018-08-23 00:19:31.800 @IC1903|00:19:31.800|3|4680.000000|277|1|4676.600000|1|4685.600000|1|0.000000|0|0.000000|0|0.000000|0|0.000000|0|0.000000|0|0.000000|0|0.000000|0|0.000000|0|1485|4622.000000|4725.000000|4611.000000|4635.000000|5081.600000|4158.000000
2018-08-23 00:19:32.309 @IC1903|00:19:32.309|3|4680.000000|277|1|4676.600000|1|4684.400000|1|0.000000|0|0.000000|0|0.000000|0|0.000000|0|0.000000|0|0.000000|0|0.000000|0|0.000000|0|1485|4622.000000|4725.000000|4611.000000|4635.000000|5081.600000|4158.000000
2018-08-23 00:19:33.806 @IC1903|00:19:33.806|3|4680.000000|277|1|4676.600000|1|4683.800000|1|0.000000|0|0.000000|0|0.000000|0|0.000000|0|0.000000|0|0.000000|0|0.000000|0|0.000000|0|1485|4622.000000|4725.000000|4611.000000|4635.000000|5081.600000|4158.000000
2018-08-23 00:19:34.304 @IC1903|00:19:34.304|3|4676.600000|278|1|4675.600000|1|4683.800000|1|0.000000|0|0.000000|0|0.000000|0|0.000000|0|0.000000|0|0.000000|0|0.000000|0|0.000000|0|1486|4622.000000|4725.000000|4611.000000|4635.000000|5081.600000|4158.000000
2018-08-23 00:19:35.305 @IC1903|00:19:35.305|3|4676.600000|278|1|4675.600000|1|4684.400000|1|0.000000|0|0.000000|0|0.000000|0|0.000000|0|0.000000|0|0.000000|0|0.000000|0|0.000000|0|1486|4622.000000|4725.000000|4611.000000|4635.000000|5081.600000|4158.000000
2018-08-23 00:19:35.816 @IC1903|00:19:35.816|3|4676.600000|278|1|4675.600000|1|4690.000000|1|0.000000|0|0.000000|0|0.000000|0|0.000000|0|0.000000|0|0.000000|0|0.000000|0|0.000000|0|1486|4622.000000|4725.000000|4611.000000|4635.000000|5081.600000|4158.000000
2018-08-23 00:19:36.317 @IC1903|00:19:36.317|3|4676.600000|278|1|4675.600000|1|4686.800000|1|0.000000|0|0.000000|0|0.000000|0|0.000000|0|0.000000|0|0.000000|0|0.000000|0|0.000000|0|1486|4622.000000|4725.000000|4611.000000|4635.000000|5081.600000|4158.000000
2018-08-23 00:19:36.830 @IC1903|00:19:36.830|3|4676.600000|278|1|4675.600000|1|4680.000000|2|0.000000|0|0.000000|0|0.000000|0|0.000000|0|0.000000|0|0.000000|0|0.000000|0|0.000000|0|1486|4622.000000|4725.000000|4611.000000|4635.000000|5081.600000|4158.000000
2018-08-23 00:19:37.306 @IC1903|00:19:37.306|3|4676.600000|278|1|4675.600000|1|4680.000000|2|0.000000|0|0.000000|0|0.000000|0|0.000000|0|0.000000|0|0.000000|0|0.000000|0|0.000000|0|1486|4622.000000|4725.000000|4611.000000|4635.000000|5081.600000|4158.000000
2018-08-23 00:19:38.808 @IC1903|00:19:38.808|3|4676.600000|278|1|4675.600000|1|4680.000000|2|0.000000|0|0.000000|0|0.000000|0|0.000000|0|0.000000|0|0.000000|0|0.000000|0|0.000000|0|1486|4622.000000|4725.000000|4611.000000|4635.000000|5081.600000|4158.000000
2018-08-23 00:20:00.303 @IC1903|00:20:00.302|3|4676.600000|278|1|4675.600000|1|4680.000000|2|0.000000|0|0.000000|0|0.000000|0|0.000000|0|0.000000|0|0.000000|0|0.000000|0|0.000000|0|1486|4622.000000|4725.000000|4611.000000|4635.000000|5081.600000|4158.000000
2018-08-23 21:06:24.407 @SHFE F NI 1901|2018-08-23 21:06:24|3|109900.000000|4060|1|0.000000|0|0.000000|0|0.000000|0|0.000000|0|0.000000|0|0.000000|0|0.000000|0|0.000000|0|0.000000|0|0.000000|0|0|0.000000|0.000000|0.000000|0.000000|0.000000|0.000000
2018-08-23 21:06:25.171 @SHFE F NI 1901|2018-08-23 21:06:25.622|3|109900.000000|8|5|109890.000000|5|109910.000000|1|0.000000|0|0.000000|0|0.000000|0|0.000000|0|0.000000|0|0.000000|0|0.000000|0|0.000000|0|96226|109800.000000|112280.000000|109610.000000|109800.000000|117870.000000|104520.000000
2018-08-23 21:06:25.672 @SHFE F NI 1901|2018-08-23 21:06:26.127|3|109880.000000|18|5|109870.000000|1|109900.000000|1|0.000000|0|0.000000|0|0.000000|0|0.000000|0|0.000000|0|0.000000|0|0.000000|0|0.000000|0|96226|109800.000000|112280.000000|109610.000000|109800.000000|117870.000000|104520.000000
2018-08-23 21:06:26.191 @SHFE F NI 1901|2018-08-23 21:06:26.640|3|109880.000000|18|5|109860.000000|3|109890.000000|1|0.000000|0|0.000000|0|0.000000|0|0.000000|0|0.000000|0|0.000000|0|0.000000|0|0.000000|0|96226|109800.000000|112280.000000|109610.000000|109800.000000|117870.000000|104520.000000
2018-08-23 21:06:26.702 @SHFE F NI 1901|2018-08-23 21:06:27.154|3|109880.000000|18|5|109860.000000|3|109880.000000|1|0.000000|0|0.000000|0|0.000000|0|0.000000|0|0.000000|0|0.000000|0|0.000000|0|0.000000|0|96226|109800.000000|112280.000000|109610.000000|109800.000000|117870.000000|104520.000000
2018-08-23 21:06:27.981 @SHFE F NI 1901|2018-08-23 21:06:28.428|3|109880.000000|2|5|109860.000000|5|109900.000000|2|0.000000|0|0.000000|0|0.000000|0|0.000000|0|0.000000|0|0.000000|0|0.000000|0|0.000000|0|96226|109800.000000|112280.000000|109610.000000|109800.000000|117870.000000|104520.000000
2018-08-23 21:06:28.484 @SHFE F NI 1901|2018-08-23 21:06:28.937|3|109880.000000|2|5|109860.000000|5|109900.000000|19|0.000000|0|0.000000|0|0.000000|0|0.000000|0|0.000000|0|0.000000|0|0.000000|0|0.000000|0|96226|109800.000000|112280.000000|109610.000000|109800.000000|117870.000000|104520.000000
2018-08-23 21:06:29.510 @SHFE F NI 1901|2018-08-23 21:06:29.967|3|109880.000000|2|5|109870.000000|6|109900.000000|19|0.000000|0|0.000000|0|0.000000|0|0.000000|0|0.000000|0|0.000000|0|0.000000|0|0.000000|0|96226|109800.000000|112280.000000|109610.000000|109800.000000|117870.000000|104520.000000
2018-08-23 21:06:31.605 @SHFE F NI 1901|2018-08-23 21:06:32.057|3|109880.000000|2|5|109870.000000|6|109900.000000|3|0.000000|0|0.000000|0|0.000000|0|0.000000|0|0.000000|0|0.000000|0|0.000000|0|0.000000|0|96226|109800.000000|112280.000000|109610.000000|109800.000000|117870.000000|104520.000000
2018-08-23 21:06:32.111 @SHFE F NI 1901|2018-08-23 21:06:32.565|3|109900.000000|4|5|109880.000000|6|109910.000000|5|0.000000|0|0.000000|0|0.000000|0|0.000000|0|0.000000|0|0.000000|0|0.000000|0|0.000000|0|96226|109800.000000|112280.000000|109610.000000|109800.000000|117870.000000|104520.000000
2018-08-23 21:06:32.872 @SHFE F NI 1901|2018-08-23 21:06:33.324|3|109900.000000|4|5|109890.000000|1|109910.000000|3|0.000000|0|0.000000|0|0.000000|0|0.000000|0|0.000000|0|0.000000|0|0.000000|0|0.000000|0|96226|109800.000000|112280.000000|109610.000000|109800.000000|117870.000000|104520.000000
2018-08-23 21:06:33.374 @SHFE F NI 1901|2018-08-23 21:06:33.826|3|109910.000000|6|5|109890.000000|1|109920.000000|5|0.000000|0|0.000000|0|0.000000|0|0.000000|0|0.000000|0|0.000000|0|0.000000|0|0.000000|0|96228|109800.000000|112280.000000|109610.000000|109800.000000|117870.000000|104520.000000
2018-08-23 21:06:33.882 @SHFE F NI 1901|2018-08-23 21:06:34.330|3|109890.000000|2|5|109890.000000|1|109930.000000|5|0.000000|0|0.000000|0|0.000000|0|0.000000|0|0.000000|0|0.000000|0|0.000000|0|0.000000|0|96228|109800.000000|112280.000000|109610.000000|109800.000000|117870.000000|104520.000000
2018-08-23 21:06:34.380 @SHFE F NI 1901|2018-08-23 21:06:34.833|3|109890.000000|2|5|109890.000000|3|109920.000000|1|0.000000|0|0.000000|0|0.000000|0|0.000000|0|0.000000|0|0.000000|0|0.000000|0|0.000000|0|96228|109800.000000|112280.000000|109610.000000|109800.000000|117870.000000|104520.000000
2018-08-23 21:06:35.646 @SHFE F NI 1901|2018-08-23 21:06:36.098|3|109890.000000|2|5|109900.000000|1|109930.000000|2|0.000000|0|0.000000|0|0.000000|0|0.000000|0|0.000000|0|0.000000|0|0.000000|0|0.000000|0|96228|109800.000000|112280.000000|109610.000000|109800.000000|117870.000000|104520.000000
2018-08-23 21:06:36.151 @SHFE F NI 1901|2018-08-23 21:06:36.601|3|109890.000000|2|5|109900.000000|3|109930.000000|2|0.000000|0|0.000000|0|0.000000|0|0.000000|0|0.000000|0|0.000000|0|0.000000|0|0.000000|0|96228|109800.000000|112280.000000|109610.000000|109800.000000|117870.000000|104520.000000
2018-08-23 21:06:36.922 @SHFE F NI 1901|2018-08-23 21:06:37.377|3|109890.000000|2|5|109900.000000|4|109930.000000|2|0.000000|0|0.000000|0|0.000000|0|0.000000|0|0.000000|0|0.000000|0|0.000000|0|0.000000|0|96228|109800.000000|112280.000000|109610.000000|109800.000000|117870.000000|104520.000000
2018-08-23 21:06:37.434 @SHFE F NI 1901|2018-08-23 21:06:37.888|3|109890.000000|2|5|109900.000000|2|109930.000000|2|0.000000|0|0.000000|0|0.000000|0|0.000000|0|0.000000|0|0.000000|0|0.000000|0|0.000000|0|96228|109800.000000|112280.000000|109610.000000|109800.000000|117870.000000|104520.000000
2018-08-23 21:06:38.698 @SHFE F NI 1901|2018-08-23 21:06:39.149|3|109900.000000|2|5|109900.000000|1|109930.000000|2|0.000000|0|0.000000|0|0.000000|0|0.000000|0|0.000000|0|0.000000|0|0.000000|0|0.000000|0|96228|109800.000000|112280.000000|109610.000000|109800.000000|117870.000000|104520.000000
2018-08-23 21:06:39.468 @SHFE F NI 1901|2018-08-23 21:06:39.920|3|109900.000000|2|5|109900.000000|3|109930.000000|2|0.000000|0|0.000000|0|0.000000|0|0.000000|0|0.000000|0|0.000000|0|0.000000|0|0.000000|0|96228|109800.000000|112280.000000|109610.000000|109800.000000|117870.000000|104520.000000
2018-08-23 21:06:40.015 @SHFE F NI 1901|2018-08-23 21:06:40.450|3|109900.000000|2|5|109900.000000|4|109930.000000|2|0.000000|0|0.000000|0|0.000000|0|0.000000|0|0.000000|0|0.000000|0|0.000000|0|0.000000|0|96228|109800.000000|112280.000000|109610.000000|109800.000000|117870.000000|104520.000000
2018-08-23 21:06:40.527 @SHFE F NI 1901|2018-08-23 21:06:40.965|3|109900.000000|2|5|109910.000000|2|109930.000000|2|0.000000|0|0.000000|0|0.000000|0|0.000000|0|0.000000|0|0.000000|0|0.000000|0|0.000000|0|96228|109800.000000|112280.000000|109610.000000|109800.000000|117870.000000|104520.000000
2018-08-23 21:06:41.782 @SHFE F NI 1901|2018-08-23 21:06:42.237|3|109900.000000|2|5|109910.000000|2|109930.000000|18|0.000000|0|0.000000|0|0.000000|0|0.000000|0|0.000000|0|0.000000|0|0.000000|0|0.000000|0|96228|109800.000000|112280.000000|109610.000000|109800.000000|117870.000000|104520.000000
2018-08-23 21:06:42.544 @SHFE F NI 1901|2018-08-23 21:06:42.998|3|109910.000000|4|5|109900.000000|4|109910.000000|1|0.000000|0|0.000000|0|0.000000|0|0.000000|0|0.000000|0|0.000000|0|0.000000|0|0.000000|0|96232|109800.000000|112280.000000|109610.000000|109800.000000|117870.000000|104520.000000
2018-08-23 21:06:43.315 @SHFE F NI 1901|2018-08-23 21:06:43.771|3|109910.000000|4|5|109890.000000|1|109910.000000|2|0.000000|0|0.000000|0|0.000000|0|0.000000|0|0.000000|0|0.000000|0|0.000000|0|0.000000|0|96232|109800.000000|112280.000000|109610.000000|109800.000000|117870.000000|104520.000000
2018-08-23 21:06:43.820 @SHFE F NI 1901|2018-08-23 21:06:44.276|3|109910.000000|4|5|109890.000000|1|109910.000000|1|0.000000|0|0.000000|0|0.000000|0|0.000000|0|0.000000|0|0.000000|0|0.000000|0|0.000000|0|96232|109800.000000|112280.000000|109610.000000|109800.000000|117870.000000|104520.000000
2018-08-23 21:06:44.329 @SHFE F NI 1901|2018-08-23 21:06:44.778|3|109910.000000|4|5|109880.000000|3|109910.000000|2|0.000000|0|0.000000|0|0.000000|0|0.000000|0|0.000000|0|0.000000|0|0.000000|0|0.000000|0|96232|109800.000000|112280.000000|109610.000000|109800.000000|117870.000000|104520.000000
2018-08-23 21:06:45.611 @SHFE F NI 1901|2018-08-23 21:06:46.057|3|109910.000000|4|5|109890.000000|2|109910.000000|2|0.000000|0|0.000000|0|0.000000|0|0.000000|0|0.000000|0|0.000000|0|0.000000|0|0.000000|0|96232|109800.000000|112280.000000|109610.000000|109800.000000|117870.000000|104520.000000
2018-08-23 21:06:46.118 @SHFE F NI 1901|2018-08-23 21:06:46.560|3|109910.000000|4|5|109890.000000|1|109910.000000|2|0.000000|0|0.000000|0|0.000000|0|0.000000|0|0.000000|0|0.000000|0|0.000000|0|0.000000|0|96232|109800.000000|112280.000000|109610.000000|109800.000000|117870.000000|104520.000000
2018-08-23 21:06:46.611 @SHFE F NI 1901|2018-08-23 21:06:47.066|3|109920.000000|6|5|109920.000000|3|109930.000000|7|0.000000|0|0.000000|0|0.000000|0|0.000000|0|0.000000|0|0.000000|0|0.000000|0|0.000000|0|96230|109800.000000|112280.000000|109610.000000|109800.000000|117870.000000|104520.000000
2018-08-23 21:06:47.121 @SHFE F NI 1901|2018-08-23 21:06:47.572|3|109920.000000|6|5|109890.000000|1|109920.000000|6|0.000000|0|0.000000|0|0.000000|0|0.000000|0|0.000000|0|0.000000|0|0.000000|0|0.000000|0|96230|109800.000000|112280.000000|109610.000000|109800.000000|117870.000000|104520.000000
2018-08-23 21:06:47.870 @SHFE F NI 1901|2018-08-23 21:06:48.327|3|109920.000000|6|5|109890.000000|2|109930.000000|6|0.000000|0|0.000000|0|0.000000|0|0.000000|0|0.000000|0|0.000000|0|0.000000|0|0.000000|0|96230|109800.000000|112280.000000|109610.000000|109800.000000|117870.000000|104520.000000
2018-08-23 21:06:48.376 @SHFE F NI 1901|2018-08-23 21:06:48.833|3|109920.000000|6|5|109890.000000|1|109930.000000|23|0.000000|0|0.000000|0|0.000000|0|0.000000|0|0.000000|0|0.000000|0|0.000000|0|0.000000|0|96230|109800.000000|112280.000000|109610.000000|109800.000000|117870.000000|104520.000000
2018-08-23 21:06:49.135 @SHFE F NI 1901|2018-08-23 21:06:49.588|3|109920.000000|6|5|109890.000000|2|109930.000000|23|0.000000|0|0.000000|0|0.000000|0|0.000000|0|0.000000|0|0.000000|0|0.000000|0|0.000000|0|96230|109800.000000|112280.000000|109610.000000|109800.000000|117870.000000|104520.000000
2018-08-23 21:06:49.909 @SHFE F NI 1901|2018-08-23 21:06:50.368|3|109920.000000|6|5|109890.000000|3|109930.000000|23|0.000000|0|0.000000|0|0.000000|0|0.000000|0|0.000000|0|0.000000|0|0.000000|0|0.000000|0|96230|109800.000000|112280.000000|109610.000000|109800.000000|117870.000000|104520.000000
2018-08-23 21:06:50.956 @SHFE F NI 1901|2018-08-23 21:06:51.406|3|109920.000000|6|5|109890.000000|2|109920.000000|1|0.000000|0|0.000000|0|0.000000|0|0.000000|0|0.000000|0|0.000000|0|0.000000|0|0.000000|0|96230|109800.000000|112280.000000|109610.000000|109800.000000|117870.000000|104520.000000
2018-08-23 21:06:51.457 @SHFE F NI 1901|2018-08-23 21:06:51.908|3|109920.000000|6|5|109880.000000|3|109890.000000|1|0.000000|0|0.000000|0|0.000000|0|0.000000|0|0.000000|0|0.000000|0|0.000000|0|0.000000|0|96232|109800.000000|112280.000000|109610.000000|109800.000000|117870.000000|104520.000000
2018-08-23 21:06:52.223 @SHFE F NI 1901|2018-08-23 21:06:52.676|3|109890.000000|2|5|109880.000000|3|109920.000000|1|0.000000|0|0.000000|0|0.000000|0|0.000000|0|0.000000|0|0.000000|0|0.000000|0|0.000000|0|96230|109800.000000|112280.000000|109610.000000|109800.000000|117870.000000|104520.000000
2018-08-23 21:06:52.977 @SHFE F NI 1901|2018-08-23 21:06:53.431|3|109890.000000|2|5|109880.000000|2|109910.000000|17|0.000000|0|0.000000|0|0.000000|0|0.000000|0|0.000000|0|0.000000|0|0.000000|0|0.000000|0|96230|109800.000000|112280.000000|109610.000000|109800.000000|117870.000000|104520.000000
2018-08-23 21:06:53.735 @SHFE F NI 1901|2018-08-23 21:06:54.186|3|109890.000000|2|5|109880.000000|2|109910.000000|16|0.000000|0|0.000000|0|0.000000|0|0.000000|0|0.000000|0|0.000000|0|0.000000|0|0.000000|0|96230|109800.000000|112280.000000|109610.000000|109800.000000|117870.000000|104520.000000
2018-08-23 21:06:55.002 @SHFE F NI 1901|2018-08-23 21:06:55.452|3|109890.000000|2|5|109880.000000|1|109920.000000|2|0.000000|0|0.000000|0|0.000000|0|0.000000|0|0.000000|0|0.000000|0|0.000000|0|0.000000|0|96230|109800.000000|112280.000000|109610.000000|109800.000000|117870.000000|104520.000000
2018-08-23 21:06:55.528 @SHFE F NI 1901|2018-08-23 21:06:55.979|3|109890.000000|2|5|109880.000000|6|109910.000000|2|0.000000|0|0.000000|0|0.000000|0|0.000000|0|0.000000|0|0.000000|0|0.000000|0|0.000000|0|96230|109800.000000|112280.000000|109610.000000|109800.000000|117870.000000|104520.000000
2018-08-23 21:06:56.052 @SHFE F NI 1901|2018-08-23 21:06:56.503|3|109890.000000|2|5|109880.000000|6|109910.000000|19|0.000000|0|0.000000|0|0.000000|0|0.000000|0|0.000000|0|0.000000|0|0.000000|0|0.000000|0|96230|109800.000000|112280.000000|109610.000000|109800.000000|117870.000000|104520.000000
2018-08-23 21:06:56.562 @SHFE F NI 1901|2018-08-23 21:06:57.016|3|109890.000000|2|5|109880.000000|6|109910.000000|20|0.000000|0|0.000000|0|0.000000|0|0.000000|0|0.000000|0|0.000000|0|0.000000|0|0.000000|0|96230|109800.000000|112280.000000|109610.000000|109800.000000|117870.000000|104520.000000
2018-08-23 21:06:57.066 @SHFE F NI 1901|2018-08-23 21:06:57.518|3|109890.000000|2|5|109880.000000|6|109910.000000|23|0.000000|0|0.000000|0|0.000000|0|0.000000|0|0.000000|0|0.000000|0|0.000000|0|0.000000|0|96230|109800.000000|112280.000000|109610.000000|109800.000000|117870.000000|104520.000000
2018-08-23 21:06:57.824 @SHFE F NI 1901|2018-08-23 21:06:58.273|3|109880.000000|2|5|109880.000000|5|109910.000000|23|0.000000|0|0.000000|0|0.000000|0|0.000000|0|0.000000|0|0.000000|0|0.000000|0|0.000000|0|96232|109800.000000|112280.000000|109610.000000|109800.000000|117870.000000|104520.000000
2018-08-23 21:06:58.576 @SHFE F NI 1901|2018-08-23 21:06:59.027|3|109870.000000|16|5|109860.000000|5|109870.000000|12|0.000000|0|0.000000|0|0.000000|0|0.000000|0|0.000000|0|0.000000|0|0.000000|0|0.000000|0|96232|109800.000000|112280.000000|109610.000000|109800.000000|117870.000000|104520.000000
2018-08-23 21:06:59.358 @SHFE F NI 1901|2018-08-23 21:06:59.792|3|109870.000000|24|5|109870.000000|1|109900.000000|7|0.000000|0|0.000000|0|0.000000|0|0.000000|0|0.000000|0|0.000000|0|0.000000|0|0.000000|0|96220|109800.000000|112280.000000|109610.000000|109800.000000|117870.000000|104520.000000
2018-08-23 21:06:59.846 @SHFE F NI 1901|2018-08-23 21:07:00.299|3|109870.000000|24|5|109860.000000|5|109890.000000|16|0.000000|0|0.000000|0|0.000000|0|0.000000|0|0.000000|0|0.000000|0|0.000000|0|0.000000|0|96220|109800.000000|112280.000000|109610.000000|109800.000000|117870.000000|104520.000000
2018-08-23 21:07:00.347 @SHFE F NI 1901|2018-08-23 21:07:00.800|3|109870.000000|24|5|109860.000000|5|109890.000000|20|0.000000|0|0.000000|0|0.000000|0|0.000000|0|0.000000|0|0.000000|0|0.000000|0|0.000000|0|96220|109800.000000|112280.000000|109610.000000|109800.000000|117870.000000|104520.000000
2018-08-23 21:07:01.121 @SHFE F NI 1901|2018-08-23 21:07:01.575|3|109870.000000|24|5|109860.000000|5|109870.000000|1|0.000000|0|0.000000|0|0.000000|0|0.000000|0|0.000000|0|0.000000|0|0.000000|0|0.000000|0|96220|109800.000000|112280.000000|109610.000000|109800.000000|117870.000000|104520.000000
2018-08-23 21:07:01.871 @SHFE F NI 1901|2018-08-23 21:07:02.330|3|109870.000000|2|5|109860.000000|5|109890.000000|3|0.000000|0|0.000000|0|0.000000|0|0.000000|0|0.000000|0|0.000000|0|0.000000|0|0.000000|0|96218|109800.000000|112280.000000|109610.000000|109800.000000|117870.000000|104520.000000
2018-08-23 22:01:36.542 @SHFE F NI 1901|2018-08-23 22:01:36|3|110330.000000|25856|1|0.000000|0|0.000000|0|0.000000|0|0.000000|0|0.000000|0|0.000000|0|0.000000|0|0.000000|0|0.000000|0|0.000000|0|0|0.000000|0.000000|0.000000|0.000000|0.000000|0.000000
2018-08-23 22:01:36.585 @SHFE F NI 1901|2018-08-23 22:01:37.039|3|110330.000000|2|5|110290.000000|5|110330.000000|1|0.000000|0|0.000000|0|0.000000|0|0.000000|0|0.000000|0|0.000000|0|0.000000|0|0.000000|0|98468|109800.000000|112280.000000|109220.000000|109800.000000|117870.000000|104520.000000
2018-08-23 22:01:37.303 @SHFE F NI 1901|2018-08-23 22:01:37.794|3|110330.000000|2|5|110290.000000|5|110320.000000|1|0.000000|0|0.000000|0|0.000000|0|0.000000|0|0.000000|0|0.000000|0|0.000000|0|0.000000|0|98466|109800.000000|112280.000000|109220.000000|109800.000000|117870.000000|104520.000000
2018-08-23 22:01:38.057 @SHFE F NI 1901|2018-08-23 22:01:38.547|3|110330.000000|2|5|110290.000000|5|110330.000000|1|0.000000|0|0.000000|0|0.000000|0|0.000000|0|0.000000|0|0.000000|0|0.000000|0|0.000000|0|98466|109800.000000|112280.000000|109220.000000|109800.000000|117870.000000|104520.000000
2018-08-23 22:01:38.818 @SHFE F NI 1901|2018-08-23 22:01:39.313|3|110320.000000|4|5|110290.000000|6|110320.000000|1|0.000000|0|0.000000|0|0.000000|0|0.000000|0|0.000000|0|0.000000|0|0.000000|0|0.000000|0|98464|109800.000000|112280.000000|109220.000000|109800.000000|117870.000000|104520.000000
2018-08-23 22:01:39.834 @SHFE F NI 1901|2018-08-23 22:01:40.317|3|110320.000000|2|5|110290.000000|3|110330.000000|17|0.000000|0|0.000000|0|0.000000|0|0.000000|0|0.000000|0|0.000000|0|0.000000|0|0.000000|0|98464|109800.000000|112280.000000|109220.000000|109800.000000|117870.000000|104520.000000
2018-08-23 22:01:40.584 @SHFE F NI 1901|2018-08-23 22:01:41.070|3|110320.000000|2|5|110290.000000|1|110320.000000|1|0.000000|0|0.000000|0|0.000000|0|0.000000|0|0.000000|0|0.000000|0|0.000000|0|0.000000|0|98464|109800.000000|112280.000000|109220.000000|109800.000000|117870.000000|104520.000000
2018-08-23 22:01:41.586 @SHFE F NI 1901|2018-08-23 22:01:42.080|3|110320.000000|2|5|110290.000000|3|110330.000000|22|0.000000|0|0.000000|0|0.000000|0|0.000000|0|0.000000|0|0.000000|0|0.000000|0|0.000000|0|98464|109800.000000|112280.000000|109220.000000|109800.000000|117870.000000|104520.000000
2018-08-23 22:01:42.346 @SHFE F NI 1901|2018-08-23 22:01:42.832|3|110320.000000|2|5|110290.000000|4|110320.000000|15|0.000000|0|0.000000|0|0.000000|0|0.000000|0|0.000000|0|0.000000|0|0.000000|0|0.000000|0|98464|109800.000000|112280.000000|109220.000000|109800.000000|117870.000000|104520.000000
2018-08-23 22:01:43.099 @SHFE F NI 1901|2018-08-23 22:01:43.585|3|110320.000000|2|5|110290.000000|1|110320.000000|15|0.000000|0|0.000000|0|0.000000|0|0.000000|0|0.000000|0|0.000000|0|0.000000|0|0.000000|0|98464|109800.000000|112280.000000|109220.000000|109800.000000|117870.000000|104520.000000
2018-08-23 22:01:44.859 @SHFE F NI 1901|2018-08-23 22:01:45.352|3|110320.000000|2|5|110290.000000|3|110300.000000|2|0.000000|0|0.000000|0|0.000000|0|0.000000|0|0.000000|0|0.000000|0|0.000000|0|0.000000|0|98464|109800.000000|112280.000000|109220.000000|109800.000000|117870.000000|104520.000000
2018-08-23 22:01:45.616 @SHFE F NI 1901|2018-08-23 22:01:46.106|3|110300.000000|18|5|110290.000000|3|110320.000000|20|0.000000|0|0.000000|0|0.000000|0|0.000000|0|0.000000|0|0.000000|0|0.000000|0|0.000000|0|98452|109800.000000|112280.000000|109220.000000|109800.000000|117870.000000|104520.000000
2018-08-23 22:01:47.370 @SHFE F NI 1901|2018-08-23 22:01:47.863|3|110330.000000|4|5|110300.000000|1|110330.000000|21|0.000000|0|0.000000|0|0.000000|0|0.000000|0|0.000000|0|0.000000|0|0.000000|0|0.000000|0|98448|109800.000000|112280.000000|109220.000000|109800.000000|117870.000000|104520.000000
2018-08-23 22:01:48.129 @SHFE F NI 1901|2018-08-23 22:01:48.617|3|110320.000000|2|5|110300.000000|1|110330.000000|21|0.000000|0|0.000000|0|0.000000|0|0.000000|0|0.000000|0|0.000000|0|0.000000|0|0.000000|0|98448|109800.000000|112280.000000|109220.000000|109800.000000|117870.000000|104520.000000
2018-08-23 22:01:48.876 @SHFE F NI 1901|2018-08-23 22:01:49.370|3|110320.000000|2|5|110300.000000|1|110320.000000|1|0.000000|0|0.000000|0|0.000000|0|0.000000|0|0.000000|0|0.000000|0|0.000000|0|0.000000|0|98448|109800.000000|112280.000000|109220.000000|109800.000000|117870.000000|104520.000000
2018-08-23 22:01:50.382 @SHFE F NI 1901|2018-08-23 22:01:50.875|3|110300.000000|2|5|110290.000000|4|110320.000000|4|0.000000|0|0.000000|0|0.000000|0|0.000000|0|0.000000|0|0.000000|0|0.000000|0|0.000000|0|98446|109800.000000|112280.000000|109220.000000|109800.000000|117870.000000|104520.000000
2018-08-23 22:01:50.882 @SHFE F NI 1901|2018-08-23 22:01:51.376|3|110300.000000|2|5|110290.000000|4|110320.000000|4|0.000000|0|0.000000|0|0.000000|0|0.000000|0|0.000000|0|0.000000|0|0.000000|0|0.000000|0|98444|109800.000000|112280.000000|109220.000000|109800.000000|117870.000000|104520.000000
2018-08-23 22:01:51.639 @SHFE F NI 1901|2018-08-23 22:01:52.129|3|110320.000000|8|5|110310.000000|4|110330.000000|23|0.000000|0|0.000000|0|0.000000|0|0.000000|0|0.000000|0|0.000000|0|0.000000|0|0.000000|0|98448|109800.000000|112280.000000|109220.000000|109800.000000|117870.000000|104520.000000
2018-08-23 22:01:52.388 @SHFE F NI 1901|2018-08-23 22:01:52.881|3|110310.000000|6|5|110310.000000|1|110330.000000|23|0.000000|0|0.000000|0|0.000000|0|0.000000|0|0.000000|0|0.000000|0|0.000000|0|0.000000|0|98452|109800.000000|112280.000000|109220.000000|109800.000000|117870.000000|104520.000000
2018-08-23 22:01:53.138 @SHFE F NI 1901|2018-08-23 22:01:53.634|3|110300.000000|2|5|110300.000000|14|110310.000000|1|0.000000|0|0.000000|0|0.000000|0|0.000000|0|0.000000|0|0.000000|0|0.000000|0|0.000000|0|98450|109800.000000|112280.000000|109220.000000|109800.000000|117870.000000|104520.000000
2018-08-23 22:01:53.915 @SHFE F NI 1901|2018-08-23 22:01:54.409|3|110310.000000|2|5|110310.000000|1|110330.000000|22|0.000000|0|0.000000|0|0.000000|0|0.000000|0|0.000000|0|0.000000|0|0.000000|0|0.000000|0|98450|109800.000000|112280.000000|109220.000000|109800.000000|117870.000000|104520.000000
2018-08-23 22:01:54.917 @SHFE F NI 1901|2018-08-23 22:01:55.164|3|110310.000000|2|5|110320.000000|2|110330.000000|23|0.000000|0|0.000000|0|0.000000|0|0.000000|0|0.000000|0|0.000000|0|0.000000|0|0.000000|0|98450|109800.000000|112280.000000|109220.000000|109800.000000|117870.000000|104520.000000
2018-08-23 22:01:55.425 @SHFE F NI 1901|2018-08-23 22:01:55.916|3|110320.000000|2|5|110310.000000|2|110330.000000|23|0.000000|0|0.000000|0|0.000000|0|0.000000|0|0.000000|0|0.000000|0|0.000000|0|0.000000|0|98450|109800.000000|112280.000000|109220.000000|109800.000000|117870.000000|104520.000000
2018-08-23 22:01:56.178 @SHFE F NI 1901|2018-08-23 22:01:56.670|3|110320.000000|2|5|110310.000000|1|110330.000000|23|0.000000|0|0.000000|0|0.000000|0|0.000000|0|0.000000|0|0.000000|0|0.000000|0|0.000000|0|98450|109800.000000|112280.000000|109220.000000|109800.000000|117870.000000|104520.000000
2018-08-23 22:01:56.679 @SHFE F NI 1901|2018-08-23 22:01:57.172|3|110350.000000|60|5|110320.000000|27|110360.000000|4|0.000000|0|0.000000|0|0.000000|0|0.000000|0|0.000000|0|0.000000|0|0.000000|0|0.000000|0|98432|109800.000000|112280.000000|109220.000000|109800.000000|117870.000000|104520.000000
2018-08-23 22:01:57.435 @SHFE F NI 1901|2018-08-23 22:01:57.925|3|110380.000000|2|5|110360.000000|8|110380.000000|5|0.000000|0|0.000000|0|0.000000|0|0.000000|0|0.000000|0|0.000000|0|0.000000|0|0.000000|0|98428|109800.000000|112280.000000|109220.000000|109800.000000|117870.000000|104520.000000
2018-08-23 22:01:58.185 @SHFE F NI 1901|2018-08-23 22:01:58.678|3|110380.000000|10|5|110380.000000|5|110390.000000|1|0.000000|0|0.000000|0|0.000000|0|0.000000|0|0.000000|0|0.000000|0|0.000000|0|0.000000|0|98428|109800.000000|112280.000000|109220.000000|109800.000000|117870.000000|104520.000000
2018-08-23 22:01:58.685 @SHFE F NI 1901|2018-08-23 22:01:59.179|3|110380.000000|14|5|110340.000000|13|110380.000000|2|0.000000|0|0.000000|0|0.000000|0|0.000000|0|0.000000|0|0.000000|0|0.000000|0|0.000000|0|98434|109800.000000|112280.000000|109220.000000|109800.000000|117870.000000|104520.000000
2018-08-23 22:01:59.449 @SHFE F NI 1901|2018-08-23 22:01:59.940|3|110340.000000|2|5|110350.000000|1|110390.000000|2|0.000000|0|0.000000|0|0.000000|0|0.000000|0|0.000000|0|0.000000|0|0.000000|0|0.000000|0|98436|109800.000000|112280.000000|109220.000000|109800.000000|117870.000000|104520.000000
2018-08-23 22:02:00.201 @SHFE F NI 1901|2018-08-23 22:02:00.696|3|110340.000000|2|5|110350.000000|2|110390.000000|1|0.000000|0|0.000000|0|0.000000|0|0.000000|0|0.000000|0|0.000000|0|0.000000|0|0.000000|0|98436|109800.000000|112280.000000|109220.000000|109800.000000|117870.000000|104520.000000
2018-08-23 22:02:00.708 @SHFE F NI 1901|2018-08-23 22:02:01.199|3|110390.000000|2|5|110360.000000|28|110400.000000|4|0.000000|0|0.000000|0|0.000000|0|0.000000|0|0.000000|0|0.000000|0|0.000000|0|0.000000|0|98436|109800.000000|112280.000000|109220.000000|109800.000000|117870.000000|104520.000000
2018-08-23 22:09:25.846 @SHFE F NI 1901|2018-08-23 22:09:25|3|110310.000000|28500|1|0.000000|0|0.000000|0|0.000000|0|0.000000|0|0.000000|0|0.000000|0|0.000000|0|0.000000|0|0.000000|0|0.000000|0|0|0.000000|0.000000|0.000000|0.000000|0.000000|0.000000
2018-08-23 22:09:26.348 @SHFE F NI 1901|2018-08-23 22:09:26.843|3|110330.000000|6|5|110330.000000|4|110340.000000|2|0.000000|0|0.000000|0|0.000000|0|0.000000|0|0.000000|0|0.000000|0|0.000000|0|0.000000|0|98388|109800.000000|112280.000000|109220.000000|109800.000000|117870.000000|104520.000000
2018-08-23 22:09:27.107 @SHFE F NI 1901|2018-08-23 22:09:27.600|3|110340.000000|2|5|110310.000000|8|110340.000000|1|0.000000|0|0.000000|0|0.000000|0|0.000000|0|0.000000|0|0.000000|0|0.000000|0|0.000000|0|98390|109800.000000|112280.000000|109220.000000|109800.000000|117870.000000|104520.000000
2018-08-23 22:09:28.619 @SHFE F NI 1901|2018-08-23 22:09:29.106|3|110340.000000|2|5|110310.000000|3|110330.000000|1|0.000000|0|0.000000|0|0.000000|0|0.000000|0|0.000000|0|0.000000|0|0.000000|0|0.000000|0|98390|109800.000000|112280.000000|109220.000000|109800.000000|117870.000000|104520.000000
2018-08-23 22:09:30.123 @SHFE F NI 1901|2018-08-23 22:09:30.612|3|110340.000000|2|5|110310.000000|8|110340.000000|1|0.000000|0|0.000000|0|0.000000|0|0.000000|0|0.000000|0|0.000000|0|0.000000|0|0.000000|0|98390|109800.000000|112280.000000|109220.000000|109800.000000|117870.000000|104520.000000
2018-08-23 22:09:30.870 @SHFE F NI 1901|2018-08-23 22:09:31.365|3|110340.000000|2|5|110310.000000|9|110340.000000|1|0.000000|0|0.000000|0|0.000000|0|0.000000|0|0.000000|0|0.000000|0|0.000000|0|0.000000|0|98390|109800.000000|112280.000000|109220.000000|109800.000000|117870.000000|104520.000000
2018-08-23 22:09:31.370 @SHFE F NI 1901|2018-08-23 22:09:31.867|3|110340.000000|2|5|110330.000000|1|110340.000000|1|0.000000|0|0.000000|0|0.000000|0|0.000000|0|0.000000|0|0.000000|0|0.000000|0|0.000000|0|98390|109800.000000|112280.000000|109220.000000|109800.000000|117870.000000|104520.000000
2018-08-23 22:09:32.877 @SHFE F NI 1901|2018-08-23 22:09:33.372|3|110350.000000|4|5|110340.000000|7|110360.000000|2|0.000000|0|0.000000|0|0.000000|0|0.000000|0|0.000000|0|0.000000|0|0.000000|0|0.000000|0|98390|109800.000000|112280.000000|109220.000000|109800.000000|117870.000000|104520.000000
2018-08-23 22:09:33.643 @SHFE F NI 1901|2018-08-23 22:09:34.132|3|110360.000000|2|5|110350.000000|1|110370.000000|3|0.000000|0|0.000000|0|0.000000|0|0.000000|0|0.000000|0|0.000000|0|0.000000|0|0.000000|0|98392|109800.000000|112280.000000|109220.000000|109800.000000|117870.000000|104520.000000
2018-08-23 22:09:34.152 @SHFE F NI 1901|2018-08-23 22:09:34.638|3|110370.000000|6|5|110350.000000|1|110380.000000|3|0.000000|0|0.000000|0|0.000000|0|0.000000|0|0.000000|0|0.000000|0|0.000000|0|0.000000|0|98398|109800.000000|112280.000000|109220.000000|109800.000000|117870.000000|104520.000000
2018-08-23 22:09:34.654 @SHFE F NI 1901|2018-08-23 22:09:35.148|3|110370.000000|6|5|110360.000000|2|110380.000000|3|0.000000|0|0.000000|0|0.000000|0|0.000000|0|0.000000|0|0.000000|0|0.000000|0|0.000000|0|98398|109800.000000|112280.000000|109220.000000|109800.000000|117870.000000|104520.000000
2018-08-23 22:09:35.409 @SHFE F NI 1901|2018-08-23 22:09:35.900|3|110360.000000|2|5|110360.000000|2|110380.000000|3|0.000000|0|0.000000|0|0.000000|0|0.000000|0|0.000000|0|0.000000|0|0.000000|0|0.000000|0|98400|109800.000000|112280.000000|109220.000000|109800.000000|117870.000000|104520.000000
2018-08-23 22:09:36.910 @SHFE F NI 1901|2018-08-23 22:09:37.405|3|110360.000000|2|5|110360.000000|5|110380.000000|3|0.000000|0|0.000000|0|0.000000|0|0.000000|0|0.000000|0|0.000000|0|0.000000|0|0.000000|0|98400|109800.000000|112280.000000|109220.000000|109800.000000|117870.000000|104520.000000
2018-08-23 22:09:37.661 @SHFE F NI 1901|2018-08-23 22:09:38.159|3|110370.000000|2|5|110360.000000|4|110380.000000|3|0.000000|0|0.000000|0|0.000000|0|0.000000|0|0.000000|0|0.000000|0|0.000000|0|0.000000|0|98398|109800.000000|112280.000000|109220.000000|109800.000000|117870.000000|104520.000000
2018-08-23 22:09:38.417 @SHFE F NI 1901|2018-08-23 22:09:38.911|3|110380.000000|6|5|110380.000000|2|110390.000000|6|0.000000|0|0.000000|0|0.000000|0|0.000000|0|0.000000|0|0.000000|0|0.000000|0|0.000000|0|98398|109800.000000|112280.000000|109220.000000|109800.000000|117870.000000|104520.000000
2018-08-23 22:09:39.167 @SHFE F NI 1901|2018-08-23 22:09:39.663|3|110380.000000|4|5|110360.000000|4|110380.000000|1|0.000000|0|0.000000|0|0.000000|0|0.000000|0|0.000000|0|0.000000|0|0.000000|0|0.000000|0|98398|109800.000000|112280.000000|109220.000000|109800.000000|117870.000000|104520.000000
2018-08-23 22:09:39.923 @SHFE F NI 1901|2018-08-23 22:09:40.415|3|110380.000000|2|5|110380.000000|2|110390.000000|6|0.000000|0|0.000000|0|0.000000|0|0.000000|0|0.000000|0|0.000000|0|0.000000|0|0.000000|0|98396|109800.000000|112280.000000|109220.000000|109800.000000|117870.000000|104520.000000
2018-08-23 22:09:40.673 @SHFE F NI 1901|2018-08-23 22:09:41.167|3|110380.000000|2|5|110380.000000|3|110390.000000|6|0.000000|0|0.000000|0|0.000000|0|0.000000|0|0.000000|0|0.000000|0|0.000000|0|0.000000|0|98396|109800.000000|112280.000000|109220.000000|109800.000000|117870.000000|104520.000000
2018-08-23 22:09:41.424 @SHFE F NI 1901|2018-08-23 22:09:41.920|3|110390.000000|12|5|110380.000000|2|110400.000000|2|0.000000|0|0.000000|0|0.000000|0|0.000000|0|0.000000|0|0.000000|0|0.000000|0|0.000000|0|98400|109800.000000|112280.000000|109220.000000|109800.000000|117870.000000|104520.000000
2018-08-23 22:09:42.180 @SHFE F NI 1901|2018-08-23 22:09:42.675|3|110380.000000|2|5|110380.000000|4|110410.000000|1|0.000000|0|0.000000|0|0.000000|0|0.000000|0|0.000000|0|0.000000|0|0.000000|0|0.000000|0|98402|109800.000000|112280.000000|109220.000000|109800.000000|117870.000000|104520.000000
2018-08-23 22:09:44.694 @SHFE F NI 1901|2018-08-23 22:09:45.187|3|110380.000000|2|5|110380.000000|5|110410.000000|1|0.000000|0|0.000000|0|0.000000|0|0.000000|0|0.000000|0|0.000000|0|0.000000|0|0.000000|0|98402|109800.000000|112280.000000|109220.000000|109800.000000|117870.000000|104520.000000
2018-08-23 22:09:45.196 @SHFE F NI 1901|2018-08-23 22:09:45.689|3|110380.000000|2|5|110380.000000|5|110400.000000|2|0.000000|0|0.000000|0|0.000000|0|0.000000|0|0.000000|0|0.000000|0|0.000000|0|0.000000|0|98402|109800.000000|112280.000000|109220.000000|109800.000000|117870.000000|104520.000000
2018-08-23 22:09:46.953 @SHFE F NI 1901|2018-08-23 22:09:47.445|3|110380.000000|2|5|110380.000000|5|110400.000000|3|0.000000|0|0.000000|0|0.000000|0|0.000000|0|0.000000|0|0.000000|0|0.000000|0|0.000000|0|98402|109800.000000|112280.000000|109220.000000|109800.000000|117870.000000|104520.000000
2018-08-23 22:09:47.703 @SHFE F NI 1901|2018-08-23 22:09:48.199|3|110380.000000|4|5|110370.000000|4|110390.000000|1|0.000000|0|0.000000|0|0.000000|0|0.000000|0|0.000000|0|0.000000|0|0.000000|0|0.000000|0|98402|109800.000000|112280.000000|109220.000000|109800.000000|117870.000000|104520.000000
2018-08-23 22:09:48.205 @SHFE F NI 1901|2018-08-23 22:09:48.701|3|110380.000000|4|5|110370.000000|4|110400.000000|3|0.000000|0|0.000000|0|0.000000|0|0.000000|0|0.000000|0|0.000000|0|0.000000|0|0.000000|0|98402|109800.000000|112280.000000|109220.000000|109800.000000|117870.000000|104520.000000
2018-08-23 22:09:48.958 @SHFE F NI 1901|2018-08-23 22:09:49.453|3|110380.000000|4|5|110370.000000|4|110390.000000|1|0.000000|0|0.000000|0|0.000000|0|0.000000|0|0.000000|0|0.000000|0|0.000000|0|0.000000|0|98402|109800.000000|112280.000000|109220.000000|109800.000000|117870.000000|104520.000000
2018-08-23 22:09:49.463 @SHFE F NI 1901|2018-08-23 22:09:49.959|3|110360.000000|10|5|110360.000000|1|110380.000000|20|0.000000|0|0.000000|0|0.000000|0|0.000000|0|0.000000|0|0.000000|0|0.000000|0|0.000000|0|98404|109800.000000|112280.000000|109220.000000|109800.000000|117870.000000|104520.000000
2018-08-23 22:09:50.222 @SHFE F NI 1901|2018-08-23 22:09:50.710|3|110360.000000|2|5|110320.000000|1|110360.000000|2|0.000000|0|0.000000|0|0.000000|0|0.000000|0|0.000000|0|0.000000|0|0.000000|0|0.000000|0|98402|109800.000000|112280.000000|109220.000000|109800.000000|117870.000000|104520.000000
2018-08-23 22:09:50.717 @SHFE F NI 1901|2018-08-23 22:09:51.212|3|110360.000000|2|5|110320.000000|1|110360.000000|1|0.000000|0|0.000000|0|0.000000|0|0.000000|0|0.000000|0|0.000000|0|0.000000|0|0.000000|0|98402|109800.000000|112280.000000|109220.000000|109800.000000|117870.000000|104520.000000
2018-08-23 22:09:51.477 @SHFE F NI 1901|2018-08-23 22:09:51.971|3|110360.000000|2|5|110330.000000|1|110360.000000|1|0.000000|0|0.000000|0|0.000000|0|0.000000|0|0.000000|0|0.000000|0|0.000000|0|0.000000|0|98402|109800.000000|112280.000000|109220.000000|109800.000000|117870.000000|104520.000000
2018-08-23 22:09:52.999 @SHFE F NI 1901|2018-08-23 22:09:53.496|3|110360.000000|2|5|110330.000000|1|110370.000000|1|0.000000|0|0.000000|0|0.000000|0|0.000000|0|0.000000|0|0.000000|0|0.000000|0|0.000000|0|98402|109800.000000|112280.000000|109220.000000|109800.000000|117870.000000|104520.000000
2018-08-23 22:09:55.529 @SHFE F NI 1901|2018-08-23 22:09:56.024|3|110360.000000|2|5|110330.000000|3|110370.000000|1|0.000000|0|0.000000|0|0.000000|0|0.000000|0|0.000000|0|0.000000|0|0.000000|0|0.000000|0|98402|109800.000000|112280.000000|109220.000000|109800.000000|117870.000000|104520.000000
2018-08-23 22:09:57.060 @SHFE F NI 1901|2018-08-23 22:09:57.552|3|110360.000000|2|5|110340.000000|19|110370.000000|2|0.000000|0|0.000000|0|0.000000|0|0.000000|0|0.000000|0|0.000000|0|0.000000|0|0.000000|0|98402|109800.000000|112280.000000|109220.000000|109800.000000|117870.000000|104520.000000
2018-08-23 22:09:58.068 @SHFE F NI 1901|2018-08-23 22:09:58.557|3|110370.000000|2|5|110340.000000|23|110370.000000|1|0.000000|0|0.000000|0|0.000000|0|0.000000|0|0.000000|0|0.000000|0|0.000000|0|0.000000|0|98402|109800.000000|112280.000000|109220.000000|109800.000000|117870.000000|104520.000000
2018-08-23 22:09:59.064 @SHFE F NI 1901|2018-08-23 22:09:59.310|3|110370.000000|2|5|110340.000000|23|110380.000000|1|0.000000|0|0.000000|0|0.000000|0|0.000000|0|0.000000|0|0.000000|0|0.000000|0|0.000000|0|98402|109800.000000|112280.000000|109220.000000|109800.000000|117870.000000|104520.000000
2018-08-23 22:10:00.580 @SHFE F NI 1901|2018-08-23 22:10:01.071|3|110340.000000|2|5|110340.000000|22|110380.000000|1|0.000000|0|0.000000|0|0.000000|0|0.000000|0|0.000000|0|0.000000|0|0.000000|0|0.000000|0|98402|109800.000000|112280.000000|109220.000000|109800.000000|117870.000000|104520.000000
2018-08-23 22:10:01.333 @SHFE F NI 1901|2018-08-23 22:10:01.826|3|110340.000000|2|5|110350.000000|3|110380.000000|1|0.000000|0|0.000000|0|0.000000|0|0.000000|0|0.000000|0|0.000000|0|0.000000|0|0.000000|0|98402|109800.000000|112280.000000|109220.000000|109800.000000|117870.000000|104520.000000
2018-08-23 22:10:02.092 @SHFE F NI 1901|2018-08-23 22:10:02.580|3|110340.000000|2|5|110350.000000|3|110390.000000|3|0.000000|0|0.000000|0|0.000000|0|0.000000|0|0.000000|0|0.000000|0|0.000000|0|0.000000|0|98402|109800.000000|112280.000000|109220.000000|109800.000000|117870.000000|104520.000000
2018-08-23 22:10:03.103 @SHFE F NI 1901|2018-08-23 22:10:03.592|3|110340.000000|2|5|110350.000000|6|110380.000000|1|0.000000|0|0.000000|0|0.000000|0|0.000000|0|0.000000|0|0.000000|0|0.000000|0|0.000000|0|98402|109800.000000|112280.000000|109220.000000|109800.000000|117870.000000|104520.000000
2018-08-23 22:10:06.393 @SHFE F NI 1901|2018-08-23 22:10:06.882|3|110340.000000|2|5|110350.000000|6|110370.000000|2|0.000000|0|0.000000|0|0.000000|0|0.000000|0|0.000000|0|0.000000|0|0.000000|0|0.000000|0|98402|109800.000000|112280.000000|109220.000000|109800.000000|117870.000000|104520.000000
2018-08-23 22:10:07.142 @SHFE F NI 1901|2018-08-23 22:10:07.638|3|110340.000000|2|5|110360.000000|1|110370.000000|2|0.000000|0|0.000000|0|0.000000|0|0.000000|0|0.000000|0|0.000000|0|0.000000|0|0.000000|0|98402|109800.000000|112280.000000|109220.000000|109800.000000|117870.000000|104520.000000
2018-08-23 22:10:07.904 @SHFE F NI 1901|2018-08-23 22:10:08.392|3|110370.000000|2|5|110360.000000|1|110370.000000|1|0.000000|0|0.000000|0|0.000000|0|0.000000|0|0.000000|0|0.000000|0|0.000000|0|0.000000|0|98402|109800.000000|112280.000000|109220.000000|109800.000000|117870.000000|104520.000000
2018-08-23 22:10:08.899 @SHFE F NI 1901|2018-08-23 22:10:09.396|3|110380.000000|4|5|110360.000000|1|110390.000000|1|0.000000|0|0.000000|0|0.000000|0|0.000000|0|0.000000|0|0.000000|0|0.000000|0|0.000000|0|98402|109800.000000|112280.000000|109220.000000|109800.000000|117870.000000|104520.000000
2018-08-23 22:10:09.913 @SHFE F NI 1901|2018-08-23 22:10:10.402|3|110380.000000|2|5|110360.000000|1|110390.000000|2|0.000000|0|0.000000|0|0.000000|0|0.000000|0|0.000000|0|0.000000|0|0.000000|0|0.000000|0|98400|109800.000000|112280.000000|109220.000000|109800.000000|117870.000000|104520.000000
2018-08-23 22:10:10.687 @SHFE F NI 1901|2018-08-23 22:10:11.155|3|110380.000000|2|5|110360.000000|1|110380.000000|3|0.000000|0|0.000000|0|0.000000|0|0.000000|0|0.000000|0|0.000000|0|0.000000|0|0.000000|0|98400|109800.000000|112280.000000|109220.000000|109800.000000|117870.000000|104520.000000
2018-08-23 22:10:11.417 @SHFE F NI 1901|2018-08-23 22:10:11.913|3|110380.000000|2|5|110360.000000|4|110390.000000|1|0.000000|0|0.000000|0|0.000000|0|0.000000|0|0.000000|0|0.000000|0|0.000000|0|0.000000|0|98400|109800.000000|112280.000000|109220.000000|109800.000000|117870.000000|104520.000000
2018-08-23 22:10:14.440 @SHFE F NI 1901|2018-08-23 22:10:14.930|3|110390.000000|6|5|110360.000000|4|110400.000000|3|0.000000|0|0.000000|0|0.000000|0|0.000000|0|0.000000|0|0.000000|0|0.000000|0|0.000000|0|98402|109800.000000|112280.000000|109220.000000|109800.000000|117870.000000|104520.000000
2018-08-23 22:10:15.193 @SHFE F NI 1901|2018-08-23 22:10:15.685|3|110390.000000|6|5|110370.000000|1|110400.000000|3|0.000000|0|0.000000|0|0.000000|0|0.000000|0|0.000000|0|0.000000|0|0.000000|0|0.000000|0|98402|109800.000000|112280.000000|109220.000000|109800.000000|117870.000000|104520.000000
2018-08-23 22:10:16.702 @SHFE F NI 1901|2018-08-23 22:10:17.196|3|110400.000000|2|5|110370.000000|4|110400.000000|2|0.000000|0|0.000000|0|0.000000|0|0.000000|0|0.000000|0|0.000000|0|0.000000|0|0.000000|0|98402|109800.000000|112280.000000|109220.000000|109800.000000|117870.000000|104520.000000
2018-08-23 22:10:18.210 @SHFE F NI 1901|2018-08-23 22:10:18.704|3|110400.000000|2|5|110370.000000|1|110400.000000|3|0.000000|0|0.000000|0|0.000000|0|0.000000|0|0.000000|0|0.000000|0|0.000000|0|0.000000|0|98402|109800.000000|112280.000000|109220.000000|109800.000000|117870.000000|104520.000000
2018-08-23 22:10:19.464 @SHFE F NI 1901|2018-08-23 22:10:19.960|3|110400.000000|2|5|110360.000000|1|110380.000000|1|0.000000|0|0.000000|0|0.000000|0|0.000000|0|0.000000|0|0.000000|0|0.000000|0|0.000000|0|98402|109800.000000|112280.000000|109220.000000|109800.000000|117870.000000|104520.000000
2018-08-23 22:10:20.986 @SHFE F NI 1901|2018-08-23 22:10:21.477|3|110400.000000|2|5|110360.000000|4|110390.000000|1|0.000000|0|0.000000|0|0.000000|0|0.000000|0|0.000000|0|0.000000|0|0.000000|0|0.000000|0|98402|109800.000000|112280.000000|109220.000000|109800.000000|117870.000000|104520.000000
2018-08-23 22:10:21.740 @SHFE F NI 1901|2018-08-23 22:10:22.231|3|110400.000000|10|5|110360.000000|4|110410.000000|4|0.000000|0|0.000000|0|0.000000|0|0.000000|0|0.000000|0|0.000000|0|0.000000|0|0.000000|0|98406|109800.000000|112280.000000|109220.000000|109800.000000|117870.000000|104520.000000
2018-08-23 22:10:22.241 @SHFE F NI 1901|2018-08-23 22:10:22.734|3|110400.000000|10|5|110360.000000|3|110400.000000|3|0.000000|0|0.000000|0|0.000000|0|0.000000|0|0.000000|0|0.000000|0|0.000000|0|0.000000|0|98406|109800.000000|112280.000000|109220.000000|109800.000000|117870.000000|104520.000000
2018-08-23 22:10:24.007 @SHFE F NI 1901|2018-08-23 22:10:24.496|3|110400.000000|10|5|110350.000000|3|110390.000000|2|0.000000|0|0.000000|0|0.000000|0|0.000000|0|0.000000|0|0.000000|0|0.000000|0|0.000000|0|98406|109800.000000|112280.000000|109220.000000|109800.000000|117870.000000|104520.000000
2018-08-23 22:10:24.514 @SHFE F NI 1901|2018-08-23 22:10:24.999|3|110400.000000|10|5|110350.000000|6|110390.000000|2|0.000000|0|0.000000|0|0.000000|0|0.000000|0|0.000000|0|0.000000|0|0.000000|0|0.000000|0|98406|109800.000000|112280.000000|109220.000000|109800.000000|117870.000000|104520.000000
2018-08-23 22:10:25.262 @SHFE F NI 1901|2018-08-23 22:10:25.758|3|110400.000000|10|5|110350.000000|3|110390.000000|2|0.000000|0|0.000000|0|0.000000|0|0.000000|0|0.000000|0|0.000000|0|0.000000|0|0.000000|0|98406|109800.000000|112280.000000|109220.000000|109800.000000|117870.000000|104520.000000
2018-08-23 22:10:26.544 @SHFE F NI 1901|2018-08-23 22:10:27.039|3|110400.000000|10|5|110350.000000|4|110400.000000|2|0.000000|0|0.000000|0|0.000000|0|0.000000|0|0.000000|0|0.000000|0|0.000000|0|0.000000|0|98406|109800.000000|112280.000000|109220.000000|109800.000000|117870.000000|104520.000000
2018-08-23 22:10:27.300 @SHFE F NI 1901|2018-08-23 22:10:27.793|3|110400.000000|10|5|110350.000000|2|110390.000000|2|0.000000|0|0.000000|0|0.000000|0|0.000000|0|0.000000|0|0.000000|0|0.000000|0|0.000000|0|98406|109800.000000|112280.000000|109220.000000|109800.000000|117870.000000|104520.000000
2018-08-23 22:10:27.799 @SHFE F NI 1901|2018-08-23 22:10:28.296|3|110400.000000|10|5|110350.000000|1|110380.000000|1|0.000000|0|0.000000|0|0.000000|0|0.000000|0|0.000000|0|0.000000|0|0.000000|0|0.000000|0|98406|109800.000000|112280.000000|109220.000000|109800.000000|117870.000000|104520.000000
2018-08-23 22:10:29.812 @SHFE F NI 1901|2018-08-23 22:10:30.308|3|110380.000000|2|5|110350.000000|1|110390.000000|2|0.000000|0|0.000000|0|0.000000|0|0.000000|0|0.000000|0|0.000000|0|0.000000|0|0.000000|0|98408|109800.000000|112280.000000|109220.000000|109800.000000|117870.000000|104520.000000
2018-08-23 22:10:30.568 @SHFE F NI 1901|2018-08-23 22:10:31.065|3|110380.000000|2|5|110350.000000|4|110390.000000|2|0.000000|0|0.000000|0|0.000000|0|0.000000|0|0.000000|0|0.000000|0|0.000000|0|0.000000|0|98408|109800.000000|112280.000000|109220.000000|109800.000000|117870.000000|104520.000000
2018-08-23 22:10:31.070 @SHFE F NI 1901|2018-08-23 22:10:31.568|3|110380.000000|2|5|110340.000000|2|110360.000000|1|0.000000|0|0.000000|0|0.000000|0|0.000000|0|0.000000|0|0.000000|0|0.000000|0|0.000000|0|98408|109800.000000|112280.000000|109220.000000|109800.000000|117870.000000|104520.000000
2018-08-23 22:10:32.078 @SHFE F NI 1901|2018-08-23 22:10:32.572|3|110380.000000|2|5|110340.000000|3|110380.000000|2|0.000000|0|0.000000|0|0.000000|0|0.000000|0|0.000000|0|0.000000|0|0.000000|0|0.000000|0|98408|109800.000000|112280.000000|109220.000000|109800.000000|117870.000000|104520.000000
2018-08-23 22:10:33.091 @SHFE F NI 1901|2018-08-23 22:10:33.577|3|110370.000000|2|5|110360.000000|1|110380.000000|2|0.000000|0|0.000000|0|0.000000|0|0.000000|0|0.000000|0|0.000000|0|0.000000|0|0.000000|0|98406|109800.000000|112280.000000|109220.000000|109800.000000|117870.000000|104520.000000
2018-08-23 22:10:33.836 @SHFE F NI 1901|2018-08-23 22:10:34.330|3|110370.000000|2|5|110360.000000|1|110380.000000|1|0.000000|0|0.000000|0|0.000000|0|0.000000|0|0.000000|0|0.000000|0|0.000000|0|0.000000|0|98406|109800.000000|112280.000000|109220.000000|109800.000000|117870.000000|104520.000000
2018-08-23 22:10:34.840 @SHFE F NI 1901|2018-08-23 22:10:35.336|3|110400.000000|10|5|110360.000000|1|110410.000000|4|0.000000|0|0.000000|0|0.000000|0|0.000000|0|0.000000|0|0.000000|0|0.000000|0|0.000000|0|98412|109800.000000|112280.000000|109220.000000|109800.000000|117870.000000|104520.000000
2018-08-23 22:10:39.130 @SHFE F NI 1901|2018-08-23 22:10:39.627|3|110400.000000|10|5|110380.000000|10|110410.000000|4|0.000000|0|0.000000|0|0.000000|0|0.000000|0|0.000000|0|0.000000|0|0.000000|0|0.000000|0|98412|109800.000000|112280.000000|109220.000000|109800.000000|117870.000000|104520.000000
2018-08-23 22:10:39.891 @SHFE F NI 1901|2018-08-23 22:10:40.382|3|110400.000000|10|5|110380.000000|10|110400.000000|2|0.000000|0|0.000000|0|0.000000|0|0.000000|0|0.000000|0|0.000000|0|0.000000|0|0.000000|0|98412|109800.000000|112280.000000|109220.000000|109800.000000|117870.000000|104520.000000
2018-08-23 22:10:41.142 @SHFE F NI 1901|2018-08-23 22:10:41.394|3|110380.000000|2|5|110380.000000|9|110400.000000|2|0.000000|0|0.000000|0|0.000000|0|0.000000|0|0.000000|0|0.000000|0|0.000000|0|0.000000|0|98412|109800.000000|112280.000000|109220.000000|109800.000000|117870.000000|104520.000000
2018-08-23 22:10:42.908 @SHFE F NI 1901|2018-08-23 22:10:43.402|3|110380.000000|2|5|110380.000000|8|110400.000000|2|0.000000|0|0.000000|0|0.000000|0|0.000000|0|0.000000|0|0.000000|0|0.000000|0|0.000000|0|98412|109800.000000|112280.000000|109220.000000|109800.000000|117870.000000|104520.000000
2018-08-23 22:10:43.660 @SHFE F NI 1901|2018-08-23 22:10:44.155|3|110380.000000|2|5|110380.000000|8|110400.000000|5|0.000000|0|0.000000|0|0.000000|0|0.000000|0|0.000000|0|0.000000|0|0.000000|0|0.000000|0|98412|109800.000000|112280.000000|109220.000000|109800.000000|117870.000000|104520.000000
2018-08-23 22:10:44.413 @SHFE F NI 1901|2018-08-23 22:10:44.906|3|110380.000000|2|5|110380.000000|8|110400.000000|2|0.000000|0|0.000000|0|0.000000|0|0.000000|0|0.000000|0|0.000000|0|0.000000|0|0.000000|0|98412|109800.000000|112280.000000|109220.000000|109800.000000|117870.000000|104520.000000
2018-08-23 22:10:45.170 @SHFE F NI 1901|2018-08-23 22:10:45.663|3|110380.000000|2|5|110380.000000|7|110400.000000|5|0.000000|0|0.000000|0|0.000000|0|0.000000|0|0.000000|0|0.000000|0|0.000000|0|0.000000|0|98414|109800.000000|112280.000000|109220.000000|109800.000000|117870.000000|104520.000000
2018-08-23 22:10:45.673 @SHFE F NI 1901|2018-08-23 22:10:46.164|3|110380.000000|2|5|110380.000000|6|110400.000000|5|0.000000|0|0.000000|0|0.000000|0|0.000000|0|0.000000|0|0.000000|0|0.000000|0|0.000000|0|98414|109800.000000|112280.000000|109220.000000|109800.000000|117870.000000|104520.000000
2018-08-23 22:10:46.676 @SHFE F NI 1901|2018-08-23 22:10:47.169|3|110380.000000|12|5|110370.000000|1|110390.000000|1|0.000000|0|0.000000|0|0.000000|0|0.000000|0|0.000000|0|0.000000|0|0.000000|0|0.000000|0|98422|109800.000000|112280.000000|109220.000000|109800.000000|117870.000000|104520.000000
2018-08-23 22:10:47.176 @SHFE F NI 1901|2018-08-23 22:10:47.671|3|110370.000000|2|5|110360.000000|1|110380.000000|3|0.000000|0|0.000000|0|0.000000|0|0.000000|0|0.000000|0|0.000000|0|0.000000|0|0.000000|0|98422|109800.000000|112280.000000|109220.000000|109800.000000|117870.000000|104520.000000
2018-08-23 22:10:47.926 @SHFE F NI 1901|2018-08-23 22:10:48.423|3|110380.000000|6|5|110380.000000|3|110400.000000|2|0.000000|0|0.000000|0|0.000000|0|0.000000|0|0.000000|0|0.000000|0|0.000000|0|0.000000|0|98424|109800.000000|112280.000000|109220.000000|109800.000000|117870.000000|104520.000000
2018-08-23 22:10:48.429 @SHFE F NI 1901|2018-08-23 22:10:48.925|3|110370.000000|2|5|110370.000000|2|110400.000000|2|0.000000|0|0.000000|0|0.000000|0|0.000000|0|0.000000|0|0.000000|0|0.000000|0|0.000000|0|98422|109800.000000|112280.000000|109220.000000|109800.000000|117870.000000|104520.000000
2018-08-23 22:10:51.963 @SHFE F NI 1901|2018-08-23 22:10:52.458|3|110400.000000|2|5|110360.000000|1|110400.000000|4|0.000000|0|0.000000|0|0.000000|0|0.000000|0|0.000000|0|0.000000|0|0.000000|0|0.000000|0|98422|109800.000000|112280.000000|109220.000000|109800.000000|117870.000000|104520.000000
2018-08-23 22:10:52.713 @SHFE F NI 1901|2018-08-23 22:10:53.210|3|110400.000000|2|5|110360.000000|2|110400.000000|4|0.000000|0|0.000000|0|0.000000|0|0.000000|0|0.000000|0|0.000000|0|0.000000|0|0.000000|0|98422|109800.000000|112280.000000|109220.000000|109800.000000|117870.000000|104520.000000
2018-08-23 22:10:54.740 @SHFE F NI 1901|2018-08-23 22:10:55.228|3|110400.000000|2|5|110360.000000|2|110400.000000|5|0.000000|0|0.000000|0|0.000000|0|0.000000|0|0.000000|0|0.000000|0|0.000000|0|0.000000|0|98422|109800.000000|112280.000000|109220.000000|109800.000000|117870.000000|104520.000000
2018-08-23 22:10:55.487 @SHFE F NI 1901|2018-08-23 22:10:55.982|3|110360.000000|2|5|110350.000000|3|110400.000000|5|0.000000|0|0.000000|0|0.000000|0|0.000000|0|0.000000|0|0.000000|0|0.000000|0|0.000000|0|98424|109800.000000|112280.000000|109220.000000|109800.000000|117870.000000|104520.000000
2018-08-23 22:10:56.240 @SHFE F NI 1901|2018-08-23 22:10:56.735|3|110360.000000|2|5|110350.000000|4|110400.000000|7|0.000000|0|0.000000|0|0.000000|0|0.000000|0|0.000000|0|0.000000|0|0.000000|0|0.000000|0|98424|109800.000000|112280.000000|109220.000000|109800.000000|117870.000000|104520.000000
2018-08-23 22:10:56.741 @SHFE F NI 1901|2018-08-23 22:10:57.238|3|110360.000000|2|5|110360.000000|3|110400.000000|6|0.000000|0|0.000000|0|0.000000|0|0.000000|0|0.000000|0|0.000000|0|0.000000|0|0.000000|0|98424|109800.000000|112280.000000|109220.000000|109800.000000|117870.000000|104520.000000
2018-08-23 22:10:57.244 @SHFE F NI 1901|2018-08-23 22:10:57.740|3|110360.000000|2|5|110370.000000|1|110400.000000|3|0.000000|0|0.000000|0|0.000000|0|0.000000|0|0.000000|0|0.000000|0|0.000000|0|0.000000|0|98424|109800.000000|112280.000000|109220.000000|109800.000000|117870.000000|104520.000000
2018-08-23 22:10:58.000 @SHFE F NI 1901|2018-08-23 22:10:58.493|3|110360.000000|2|5|110360.000000|5|110400.000000|6|0.000000|0|0.000000|0|0.000000|0|0.000000|0|0.000000|0|0.000000|0|0.000000|0|0.000000|0|98424|109800.000000|112280.000000|109220.000000|109800.000000|117870.000000|104520.000000
2018-08-23 22:10:58.752 @SHFE F NI 1901|2018-08-23 22:10:59.246|3|110360.000000|2|5|110360.000000|4|110400.000000|6|0.000000|0|0.000000|0|0.000000|0|0.000000|0|0.000000|0|0.000000|0|0.000000|0|0.000000|0|98424|109800.000000|112280.000000|109220.000000|109800.000000|117870.000000|104520.000000
2018-08-23 22:10:59.504 @SHFE F NI 1901|2018-08-23 22:10:59.999|3|110360.000000|2|5|110360.000000|5|110400.000000|6|0.000000|0|0.000000|0|0.000000|0|0.000000|0|0.000000|0|0.000000|0|0.000000|0|0.000000|0|98424|109800.000000|112280.000000|109220.000000|109800.000000|117870.000000|104520.000000
2018-08-23 22:11:00.018 @SHFE F NI 1901|2018-08-23 22:11:00.505|3|110360.000000|2|5|110370.000000|2|110400.000000|5|0.000000|0|0.000000|0|0.000000|0|0.000000|0|0.000000|0|0.000000|0|0.000000|0|0.000000|0|98424|109800.000000|112280.000000|109220.000000|109800.000000|117870.000000|104520.000000
2018-08-23 22:11:03.802 @SHFE F NI 1901|2018-08-23 22:11:04.293|3|110360.000000|2|5|110370.000000|2|110400.000000|7|0.000000|0|0.000000|0|0.000000|0|0.000000|0|0.000000|0|0.000000|0|0.000000|0|0.000000|0|98424|109800.000000|112280.000000|109220.000000|109800.000000|117870.000000|104520.000000
2018-08-23 22:11:06.315 @SHFE F NI 1901|2018-08-23 22:11:06.803|3|110370.000000|2|5|110370.000000|1|110400.000000|7|0.000000|0|0.000000|0|0.000000|0|0.000000|0|0.000000|0|0.000000|0|0.000000|0|0.000000|0|98424|109800.000000|112280.000000|109220.000000|109800.000000|117870.000000|104520.000000
2018-08-23 22:11:09.573 @SHFE F NI 1901|2018-08-23 22:11:10.068|3|110370.000000|2|5|110360.000000|3|110390.000000|1|0.000000|0|0.000000|0|0.000000|0|0.000000|0|0.000000|0|0.000000|0|0.000000|0|0.000000|0|98426|109800.000000|112280.000000|109220.000000|109800.000000|117870.000000|104520.000000
2018-08-23 22:11:11.094 @SHFE F NI 1901|2018-08-23 22:11:11.585|3|110370.000000|2|5|110360.000000|2|110390.000000|1|0.000000|0|0.000000|0|0.000000|0|0.000000|0|0.000000|0|0.000000|0|0.000000|0|0.000000|0|98426|109800.000000|112280.000000|109220.000000|109800.000000|117870.000000|104520.000000
2018-08-23 22:11:16.638 @SHFE F NI 1901|2018-08-23 22:11:17.131|3|110370.000000|2|5|110360.000000|2|110390.000000|6|0.000000|0|0.000000|0|0.000000|0|0.000000|0|0.000000|0|0.000000|0|0.000000|0|0.000000|0|98426|109800.000000|112280.000000|109220.000000|109800.000000|117870.000000|104520.000000
2018-08-23 22:11:19.159 @SHFE F NI 1901|2018-08-23 22:11:19.657|3|110390.000000|2|5|110370.000000|1|110380.000000|1|0.000000|0|0.000000|0|0.000000|0|0.000000|0|0.000000|0|0.000000|0|0.000000|0|0.000000|0|98424|109800.000000|112280.000000|109220.000000|109800.000000|117870.000000|104520.000000
2018-08-23 22:11:19.919 @SHFE F NI 1901|2018-08-23 22:11:20.409|3|110380.000000|2|5|110390.000000|1|110400.000000|7|0.000000|0|0.000000|0|0.000000|0|0.000000|0|0.000000|0|0.000000|0|0.000000|0|0.000000|0|98424|109800.000000|112280.000000|109220.000000|109800.000000|117870.000000|104520.000000
2018-08-23 22:11:20.669 @SHFE F NI 1901|2018-08-23 22:11:21.162|3|110380.000000|2|5|110360.000000|2|110390.000000|2|0.000000|0|0.000000|0|0.000000|0|0.000000|0|0.000000|0|0.000000|0|0.000000|0|0.000000|0|98424|109800.000000|112280.000000|109220.000000|109800.000000|117870.000000|104520.000000
2018-08-23 22:11:21.418 @SHFE F NI 1901|2018-08-23 22:11:21.915|3|110380.000000|2|5|110360.000000|2|110390.000000|1|0.000000|0|0.000000|0|0.000000|0|0.000000|0|0.000000|0|0.000000|0|0.000000|0|0.000000|0|98424|109800.000000|112280.000000|109220.000000|109800.000000|117870.000000|104520.000000
2018-08-23 22:11:23.940 @SHFE F NI 1901|2018-08-23 22:11:24.434|3|110380.000000|2|5|110370.000000|1|110390.000000|1|0.000000|0|0.000000|0|0.000000|0|0.000000|0|0.000000|0|0.000000|0|0.000000|0|0.000000|0|98424|109800.000000|112280.000000|109220.000000|109800.000000|117870.000000|104520.000000
2018-08-23 22:11:24.697 @SHFE F NI 1901|2018-08-23 22:11:25.190|3|110380.000000|2|5|110360.000000|3|110390.000000|9|0.000000|0|0.000000|0|0.000000|0|0.000000|0|0.000000|0|0.000000|0|0.000000|0|0.000000|0|98424|109800.000000|112280.000000|109220.000000|109800.000000|117870.000000|104520.000000
2018-08-23 22:11:25.443 @SHFE F NI 1901|2018-08-23 22:11:25.942|3|110380.000000|2|5|110360.000000|3|110390.000000|10|0.000000|0|0.000000|0|0.000000|0|0.000000|0|0.000000|0|0.000000|0|0.000000|0|0.000000|0|98424|109800.000000|112280.000000|109220.000000|109800.000000|117870.000000|104520.000000
2018-08-23 22:11:26.198 @SHFE F NI 1901|2018-08-23 22:11:26.694|3|110380.000000|2|5|110370.000000|1|110390.000000|10|0.000000|0|0.000000|0|0.000000|0|0.000000|0|0.000000|0|0.000000|0|0.000000|0|0.000000|0|98424|109800.000000|112280.000000|109220.000000|109800.000000|117870.000000|104520.000000
2018-08-23 22:11:27.205 @SHFE F NI 1901|2018-08-23 22:11:27.698|3|110380.000000|2|5|110370.000000|11|110390.000000|10|0.000000|0|0.000000|0|0.000000|0|0.000000|0|0.000000|0|0.000000|0|0.000000|0|0.000000|0|98424|109800.000000|112280.000000|109220.000000|109800.000000|117870.000000|104520.000000
2018-08-23 22:11:28.710 @SHFE F NI 1901|2018-08-23 22:11:29.204|3|110380.000000|2|5|110370.000000|11|110390.000000|11|0.000000|0|0.000000|0|0.000000|0|0.000000|0|0.000000|0|0.000000|0|0.000000|0|0.000000|0|98424|109800.000000|112280.000000|109220.000000|109800.000000|117870.000000|104520.000000
2018-08-23 22:11:29.713 @SHFE F NI 1901|2018-08-23 22:11:30.212|3|110380.000000|2|5|110370.000000|11|110390.000000|9|0.000000|0|0.000000|0|0.000000|0|0.000000|0|0.000000|0|0.000000|0|0.000000|0|0.000000|0|98424|109800.000000|112280.000000|109220.000000|109800.000000|117870.000000|104520.000000
2018-08-23 22:11:30.969 @SHFE F NI 1901|2018-08-23 22:11:31.466|3|110370.000000|6|5|110370.000000|8|110390.000000|8|0.000000|0|0.000000|0|0.000000|0|0.000000|0|0.000000|0|0.000000|0|0.000000|0|0.000000|0|98428|109800.000000|112280.000000|109220.000000|109800.000000|117870.000000|104520.000000
2018-08-23 22:11:33.242 @SHFE F NI 1901|2018-08-23 22:11:33.735|3|110390.000000|16|5|110380.000000|1|110400.000000|8|0.000000|0|0.000000|0|0.000000|0|0.000000|0|0.000000|0|0.000000|0|0.000000|0|0.000000|0|98430|109800.000000|112280.000000|109220.000000|109800.000000|117870.000000|104520.000000
2018-08-23 22:11:34.017 @SHFE F NI 1901|2018-08-23 22:11:34.515|3|110400.000000|4|5|110380.000000|3|110400.000000|5|0.000000|0|0.000000|0|0.000000|0|0.000000|0|0.000000|0|0.000000|0|0.000000|0|0.000000|0|98428|109800.000000|112280.000000|109220.000000|109800.000000|117870.000000|104520.000000
2018-08-23 22:11:34.779 @SHFE F NI 1901|2018-08-23 22:11:35.273|3|110410.000000|2|5|110400.000000|2|110420.000000|9|0.000000|0|0.000000|0|0.000000|0|0.000000|0|0.000000|0|0.000000|0|0.000000|0|0.000000|0|98428|109800.000000|112280.000000|109220.000000|109800.000000|117870.000000|104520.000000
2018-08-23 22:11:35.533 @SHFE F NI 1901|2018-08-23 22:11:36.029|3|110410.000000|2|5|110410.000000|1|110420.000000|9|0.000000|0|0.000000|0|0.000000|0|0.000000|0|0.000000|0|0.000000|0|0.000000|0|0.000000|0|98428|109800.000000|112280.000000|109220.000000|109800.000000|117870.000000|104520.000000
2018-08-23 22:11:36.037 @SHFE F NI 1901|2018-08-23 22:11:36.533|3|110410.000000|2|5|110380.000000|6|110410.000000|1|0.000000|0|0.000000|0|0.000000|0|0.000000|0|0.000000|0|0.000000|0|0.000000|0|0.000000|0|98426|109800.000000|112280.000000|109220.000000|109800.000000|117870.000000|104520.000000
2018-08-23 22:11:36.791 @SHFE F NI 1901|2018-08-23 22:11:37.288|3|110410.000000|2|5|110380.000000|6|110420.000000|9|0.000000|0|0.000000|0|0.000000|0|0.000000|0|0.000000|0|0.000000|0|0.000000|0|0.000000|0|98426|109800.000000|112280.000000|109220.000000|109800.000000|117870.000000|104520.000000
2018-08-23 22:11:37.298 @SHFE F NI 1901|2018-08-23 22:11:37.792|3|110410.000000|2|5|110390.000000|1|110420.000000|9|0.000000|0|0.000000|0|0.000000|0|0.000000|0|0.000000|0|0.000000|0|0.000000|0|0.000000|0|98426|109800.000000|112280.000000|109220.000000|109800.000000|117870.000000|104520.000000
2018-08-23 22:11:37.805 @SHFE F NI 1901|2018-08-23 22:11:38.294|3|110410.000000|2|5|110400.000000|1|110420.000000|9|0.000000|0|0.000000|0|0.000000|0|0.000000|0|0.000000|0|0.000000|0|0.000000|0|0.000000|0|98426|109800.000000|112280.000000|109220.000000|109800.000000|117870.000000|104520.000000
2018-08-23 22:11:38.551 @SHFE F NI 1901|2018-08-23 22:11:39.049|3|110410.000000|2|5|110390.000000|4|110420.000000|9|0.000000|0|0.000000|0|0.000000|0|0.000000|0|0.000000|0|0.000000|0|0.000000|0|0.000000|0|98426|109800.000000|112280.000000|109220.000000|109800.000000|117870.000000|104520.000000
2018-08-23 22:11:40.566 @SHFE F NI 1901|2018-08-23 22:11:41.064|3|110410.000000|2|5|110410.000000|1|110420.000000|9|0.000000|0|0.000000|0|0.000000|0|0.000000|0|0.000000|0|0.000000|0|0.000000|0|0.000000|0|98426|109800.000000|112280.000000|109220.000000|109800.000000|117870.000000|104520.000000
2018-08-23 22:11:41.077 @SHFE F NI 1901|2018-08-23 22:11:41.573|3|110410.000000|4|5|110390.000000|1|110410.000000|4|0.000000|0|0.000000|0|0.000000|0|0.000000|0|0.000000|0|0.000000|0|0.000000|0|0.000000|0|98426|109800.000000|112280.000000|109220.000000|109800.000000|117870.000000|104520.000000
2018-08-23 22:11:42.584 @SHFE F NI 1901|2018-08-23 22:11:43.079|3|110410.000000|4|5|110390.000000|1|110410.000000|3|0.000000|0|0.000000|0|0.000000|0|0.000000|0|0.000000|0|0.000000|0|0.000000|0|0.000000|0|98426|109800.000000|112280.000000|109220.000000|109800.000000|117870.000000|104520.000000
2018-08-23 22:11:43.583 @SHFE F NI 1901|2018-08-23 22:11:44.082|3|110410.000000|4|5|110390.000000|1|110410.000000|2|0.000000|0|0.000000|0|0.000000|0|0.000000|0|0.000000|0|0.000000|0|0.000000|0|0.000000|0|98426|109800.000000|112280.000000|109220.000000|109800.000000|117870.000000|104520.000000
2018-08-23 22:11:44.089 @SHFE F NI 1901|2018-08-23 22:11:44.584|3|110410.000000|4|5|110410.000000|7|110420.000000|9|0.000000|0|0.000000|0|0.000000|0|0.000000|0|0.000000|0|0.000000|0|0.000000|0|0.000000|0|98428|109800.000000|112280.000000|109220.000000|109800.000000|117870.000000|104520.000000
2018-08-23 22:11:45.343 @SHFE F NI 1901|2018-08-23 22:11:45.839|3|110410.000000|14|5|110390.000000|2|110420.000000|9|0.000000|0|0.000000|0|0.000000|0|0.000000|0|0.000000|0|0.000000|0|0.000000|0|0.000000|0|98436|109800.000000|112280.000000|109220.000000|109800.000000|117870.000000|104520.000000
2018-08-23 22:11:49.107 @SHFE F NI 1901|2018-08-23 22:11:49.603|3|110420.000000|2|5|110390.000000|2|110420.000000|8|0.000000|0|0.000000|0|0.000000|0|0.000000|0|0.000000|0|0.000000|0|0.000000|0|0.000000|0|98436|109800.000000|112280.000000|109220.000000|109800.000000|117870.000000|104520.000000
2018-08-23 22:11:50.618 @SHFE F NI 1901|2018-08-23 22:11:51.111|3|110420.000000|2|5|110390.000000|2|110410.000000|3|0.000000|0|0.000000|0|0.000000|0|0.000000|0|0.000000|0|0.000000|0|0.000000|0|0.000000|0|98436|109800.000000|112280.000000|109220.000000|109800.000000|117870.000000|104520.000000
2018-08-23 22:11:51.371 @SHFE F NI 1901|2018-08-23 22:11:51.864|3|110390.000000|4|5|110380.000000|3|110400.000000|1|0.000000|0|0.000000|0|0.000000|0|0.000000|0|0.000000|0|0.000000|0|0.000000|0|0.000000|0|98438|109800.000000|112280.000000|109220.000000|109800.000000|117870.000000|104520.000000
2018-08-23 22:11:52.126 @SHFE F NI 1901|2018-08-23 22:11:52.617|3|110400.000000|2|5|110370.000000|4|110400.000000|1|0.000000|0|0.000000|0|0.000000|0|0.000000|0|0.000000|0|0.000000|0|0.000000|0|0.000000|0|98440|109800.000000|112280.000000|109220.000000|109800.000000|117870.000000|104520.000000
2018-08-23 22:11:52.375 @SHFE F NI 1901|2018-08-23 22:11:52.869|3|110400.000000|2|5|110370.000000|4|110410.000000|5|0.000000|0|0.000000|0|0.000000|0|0.000000|0|0.000000|0|0.000000|0|0.000000|0|0.000000|0|98440|109800.000000|112280.000000|109220.000000|109800.000000|117870.000000|104520.000000
2018-08-23 22:11:53.127 @SHFE F NI 1901|2018-08-23 22:11:53.626|3|110350.000000|24|5|110340.000000|4|110360.000000|4|0.000000|0|0.000000|0|0.000000|0|0.000000|0|0.000000|0|0.000000|0|0.000000|0|0.000000|0|98440|109800.000000|112280.000000|109220.000000|109800.000000|117870.000000|104520.000000
2018-08-23 22:11:54.143 @SHFE F NI 1901|2018-08-23 22:11:54.635|3|110360.000000|6|5|110350.000000|2|110370.000000|1|0.000000|0|0.000000|0|0.000000|0|0.000000|0|0.000000|0|0.000000|0|0.000000|0|0.000000|0|98442|109800.000000|112280.000000|109220.000000|109800.000000|117870.000000|104520.000000
2018-08-23 22:11:55.651 @SHFE F NI 1901|2018-08-23 22:11:56.146|3|110360.000000|6|5|110360.000000|1|110370.000000|1|0.000000|0|0.000000|0|0.000000|0|0.000000|0|0.000000|0|0.000000|0|0.000000|0|0.000000|0|98442|109800.000000|112280.000000|109220.000000|109800.000000|117870.000000|104520.000000
2018-08-23 22:11:57.164 @SHFE F NI 1901|2018-08-23 22:11:57.655|3|110370.000000|2|5|110360.000000|1|110380.000000|6|0.000000|0|0.000000|0|0.000000|0|0.000000|0|0.000000|0|0.000000|0|0.000000|0|0.000000|0|98440|109800.000000|112280.000000|109220.000000|109800.000000|117870.000000|104520.000000
2018-08-23 22:11:57.921 @SHFE F NI 1901|2018-08-23 22:11:58.409|3|110370.000000|2|5|110360.000000|2|110380.000000|6|0.000000|0|0.000000|0|0.000000|0|0.000000|0|0.000000|0|0.000000|0|0.000000|0|0.000000|0|98440|109800.000000|112280.000000|109220.000000|109800.000000|117870.000000|104520.000000
2018-08-23 22:11:58.929 @SHFE F NI 1901|2018-08-23 22:11:59.423|3|110380.000000|2|5|110370.000000|3|110380.000000|5|0.000000|0|0.000000|0|0.000000|0|0.000000|0|0.000000|0|0.000000|0|0.000000|0|0.000000|0|98438|109800.000000|112280.000000|109220.000000|109800.000000|117870.000000|104520.000000
2018-08-23 22:11:59.692 @SHFE F NI 1901|2018-08-23 22:12:00.186|3|110380.000000|2|5|110380.000000|1|110410.000000|4|0.000000|0|0.000000|0|0.000000|0|0.000000|0|0.000000|0|0.000000|0|0.000000|0|0.000000|0|98438|109800.000000|112280.000000|109220.000000|109800.000000|117870.000000|104520.000000
2018-08-23 22:12:00.451 @SHFE F NI 1901|2018-08-23 22:12:00.945|3|110380.000000|2|5|110360.000000|2|110380.000000|2|0.000000|0|0.000000|0|0.000000|0|0.000000|0|0.000000|0|0.000000|0|0.000000|0|0.000000|0|98438|109800.000000|112280.000000|109220.000000|109800.000000|117870.000000|104520.000000
2018-08-23 22:12:01.217 @SHFE F NI 1901|2018-08-23 22:12:01.709|3|110380.000000|4|5|110370.000000|1|110380.000000|2|0.000000|0|0.000000|0|0.000000|0|0.000000|0|0.000000|0|0.000000|0|0.000000|0|0.000000|0|98436|109800.000000|112280.000000|109220.000000|109800.000000|117870.000000|104520.000000
2018-08-23 22:12:01.966 @SHFE F NI 1901|2018-08-23 22:12:02.463|3|110380.000000|4|5|110370.000000|1|110390.000000|1|0.000000|0|0.000000|0|0.000000|0|0.000000|0|0.000000|0|0.000000|0|0.000000|0|0.000000|0|98436|109800.000000|112280.000000|109220.000000|109800.000000|117870.000000|104520.000000
2018-08-23 22:12:02.738 @SHFE F NI 1901|2018-08-23 22:12:03.225|3|110390.000000|2|5|110380.000000|6|110400.000000|1|0.000000|0|0.000000|0|0.000000|0|0.000000|0|0.000000|0|0.000000|0|0.000000|0|0.000000|0|98434|109800.000000|112280.000000|109220.000000|109800.000000|117870.000000|104520.000000
2018-08-23 22:12:03.486 @SHFE F NI 1901|2018-08-23 22:12:03.979|3|110390.000000|2|5|110380.000000|2|110400.000000|1|0.000000|0|0.000000|0|0.000000|0|0.000000|0|0.000000|0|0.000000|0|0.000000|0|0.000000|0|98434|109800.000000|112280.000000|109220.000000|109800.000000|117870.000000|104520.000000
2018-08-23 22:12:04.236 @SHFE F NI 1901|2018-08-23 22:12:04.732|3|110400.000000|2|5|110390.000000|1|110410.000000|4|0.000000|0|0.000000|0|0.000000|0|0.000000|0|0.000000|0|0.000000|0|0.000000|0|0.000000|0|98432|109800.000000|112280.000000|109220.000000|109800.000000|117870.000000|104520.000000
2018-08-23 22:12:04.990 @SHFE F NI 1901|2018-08-23 22:12:05.485|3|110400.000000|2|5|110380.000000|2|110410.000000|4|0.000000|0|0.000000|0|0.000000|0|0.000000|0|0.000000|0|0.000000|0|0.000000|0|0.000000|0|98432|109800.000000|112280.000000|109220.000000|109800.000000|117870.000000|104520.000000
2018-08-23 22:12:06.251 @SHFE F NI 1901|2018-08-23 22:12:06.749|3|110400.000000|2|5|110370.000000|1|110390.000000|1|0.000000|0|0.000000|0|0.000000|0|0.000000|0|0.000000|0|0.000000|0|0.000000|0|0.000000|0|98432|109800.000000|112280.000000|109220.000000|109800.000000|117870.000000|104520.000000
2018-08-23 22:12:08.529 @SHFE F NI 1901|2018-08-23 22:12:09.026|3|110400.000000|2|5|110380.000000|1|110410.000000|4|0.000000|0|0.000000|0|0.000000|0|0.000000|0|0.000000|0|0.000000|0|0.000000|0|0.000000|0|98434|109800.000000|112280.000000|109220.000000|109800.000000|117870.000000|104520.000000
2018-08-23 22:12:12.826 @SHFE F NI 1901|2018-08-23 22:12:13.321|3|110400.000000|2|5|110370.000000|1|110400.000000|4|0.000000|0|0.000000|0|0.000000|0|0.000000|0|0.000000|0|0.000000|0|0.000000|0|0.000000|0|98434|109800.000000|112280.000000|109220.000000|109800.000000|117870.000000|104520.000000
2018-08-23 22:12:13.831 @SHFE F NI 1901|2018-08-23 22:12:14.325|3|110400.000000|2|5|110380.000000|3|110400.000000|4|0.000000|0|0.000000|0|0.000000|0|0.000000|0|0.000000|0|0.000000|0|0.000000|0|0.000000|0|98434|109800.000000|112280.000000|109220.000000|109800.000000|117870.000000|104520.000000
2018-08-23 22:12:14.331 @SHFE F NI 1901|2018-08-23 22:12:14.826|3|110380.000000|6|5|110370.000000|1|110400.000000|5|0.000000|0|0.000000|0|0.000000|0|0.000000|0|0.000000|0|0.000000|0|0.000000|0|0.000000|0|98434|109800.000000|112280.000000|109220.000000|109800.000000|117870.000000|104520.000000
2018-08-23 22:12:17.615 @SHFE F NI 1901|2018-08-23 22:12:18.110|3|110380.000000|6|5|110370.000000|3|110400.000000|4|0.000000|0|0.000000|0|0.000000|0|0.000000|0|0.000000|0|0.000000|0|0.000000|0|0.000000|0|98434|109800.000000|112280.000000|109220.000000|109800.000000|117870.000000|104520.000000
2018-08-23 22:12:18.371 @SHFE F NI 1901|2018-08-23 22:12:18.866|3|110380.000000|6|5|110380.000000|1|110400.000000|4|0.000000|0|0.000000|0|0.000000|0|0.000000|0|0.000000|0|0.000000|0|0.000000|0|0.000000|0|98434|109800.000000|112280.000000|109220.000000|109800.000000|117870.000000|104520.000000
2018-08-23 22:12:20.657 @SHFE F NI 1901|2018-08-23 22:12:21.153|3|110380.000000|2|5|110370.000000|3|110400.000000|4|0.000000|0|0.000000|0|0.000000|0|0.000000|0|0.000000|0|0.000000|0|0.000000|0|0.000000|0|98432|109800.000000|112280.000000|109220.000000|109800.000000|117870.000000|104520.000000
2018-08-23 22:12:21.914 @SHFE F NI 1901|2018-08-23 22:12:22.407|3|110380.000000|2|5|110370.000000|1|110400.000000|4|0.000000|0|0.000000|0|0.000000|0|0.000000|0|0.000000|0|0.000000|0|0.000000|0|0.000000|0|98432|109800.000000|112280.000000|109220.000000|109800.000000|117870.000000|104520.000000
2018-08-23 22:12:24.419 @SHFE F NI 1901|2018-08-23 22:12:24.917|3|110380.000000|2|5|110370.000000|3|110400.000000|4|0.000000|0|0.000000|0|0.000000|0|0.000000|0|0.000000|0|0.000000|0|0.000000|0|0.000000|0|98432|109800.000000|112280.000000|109220.000000|109800.000000|117870.000000|104520.000000
2018-08-23 22:12:26.685 @SHFE F NI 1901|2018-08-23 22:12:27.176|3|110370.000000|2|5|110370.000000|2|110400.000000|4|0.000000|0|0.000000|0|0.000000|0|0.000000|0|0.000000|0|0.000000|0|0.000000|0|0.000000|0|98430|109800.000000|112280.000000|109220.000000|109800.000000|117870.000000|104520.000000
2018-08-23 22:12:27.438 @SHFE F NI 1901|2018-08-23 22:12:27.931|3|110370.000000|2|5|110360.000000|1|110390.000000|1|0.000000|0|0.000000|0|0.000000|0|0.000000|0|0.000000|0|0.000000|0|0.000000|0|0.000000|0|98430|109800.000000|112280.000000|109220.000000|109800.000000|117870.000000|104520.000000
2018-08-23 22:12:28.210 @SHFE F NI 1901|2018-08-23 22:12:28.697|3|110370.000000|2|5|110370.000000|1|110390.000000|2|0.000000|0|0.000000|0|0.000000|0|0.000000|0|0.000000|0|0.000000|0|0.000000|0|0.000000|0|98430|109800.000000|112280.000000|109220.000000|109800.000000|117870.000000|104520.000000
2018-08-23 22:12:29.477 @SHFE F NI 1901|2018-08-23 22:12:29.965|3|110370.000000|2|5|110370.000000|2|110390.000000|2|0.000000|0|0.000000|0|0.000000|0|0.000000|0|0.000000|0|0.000000|0|0.000000|0|0.000000|0|98430|109800.000000|112280.000000|109220.000000|109800.000000|117870.000000|104520.000000
2018-08-23 22:12:30.475 @SHFE F NI 1901|2018-08-23 22:12:30.719|3|110370.000000|4|5|110340.000000|6|110380.000000|1|0.000000|0|0.000000|0|0.000000|0|0.000000|0|0.000000|0|0.000000|0|0.000000|0|0.000000|0|98434|109800.000000|112280.000000|109220.000000|109800.000000|117870.000000|104520.000000
2018-08-23 22:12:30.722 @SHFE F NI 1901|2018-08-23 22:12:31.221|3|110370.000000|4|5|110360.000000|1|110370.000000|1|0.000000|0|0.000000|0|0.000000|0|0.000000|0|0.000000|0|0.000000|0|0.000000|0|0.000000|0|98434|109800.000000|112280.000000|109220.000000|109800.000000|117870.000000|104520.000000
2018-08-23 22:12:31.477 @SHFE F NI 1901|2018-08-23 22:12:31.973|3|110360.000000|2|5|110340.000000|4|110370.000000|1|0.000000|0|0.000000|0|0.000000|0|0.000000|0|0.000000|0|0.000000|0|0.000000|0|0.000000|0|98434|109800.000000|112280.000000|109220.000000|109800.000000|117870.000000|104520.000000
2018-08-23 22:12:32.229 @SHFE F NI 1901|2018-08-23 22:12:32.726|3|110360.000000|2|5|110340.000000|6|110370.000000|1|0.000000|0|0.000000|0|0.000000|0|0.000000|0|0.000000|0|0.000000|0|0.000000|0|0.000000|0|98434|109800.000000|112280.000000|109220.000000|109800.000000|117870.000000|104520.000000
2018-08-23 22:12:32.984 @SHFE F NI 1901|2018-08-23 22:12:33.481|3|110360.000000|2|5|110360.000000|1|110370.000000|1|0.000000|0|0.000000|0|0.000000|0|0.000000|0|0.000000|0|0.000000|0|0.000000|0|0.000000|0|98434|109800.000000|112280.000000|109220.000000|109800.000000|117870.000000|104520.000000
2018-08-23 22:12:33.744 @SHFE F NI 1901|2018-08-23 22:12:34.238|3|110360.000000|2|5|110350.000000|2|110370.000000|1|0.000000|0|0.000000|0|0.000000|0|0.000000|0|0.000000|0|0.000000|0|0.000000|0|0.000000|0|98434|109800.000000|112280.000000|109220.000000|109800.000000|117870.000000|104520.000000
2018-08-23 22:12:34.499 @SHFE F NI 1901|2018-08-23 22:12:34.991|3|110370.000000|2|5|110350.000000|1|110390.000000|1|0.000000|0|0.000000|0|0.000000|0|0.000000|0|0.000000|0|0.000000|0|0.000000|0|0.000000|0|98434|109800.000000|112280.000000|109220.000000|109800.000000|117870.000000|104520.000000
2018-08-23 22:12:36.005 @SHFE F NI 1901|2018-08-23 22:12:36.499|3|110370.000000|2|5|110350.000000|1|110400.000000|4|0.000000|0|0.000000|0|0.000000|0|0.000000|0|0.000000|0|0.000000|0|0.000000|0|0.000000|0|98434|109800.000000|112280.000000|109220.000000|109800.000000|117870.000000|104520.000000
2018-08-23 22:12:36.756 @SHFE F NI 1901|2018-08-23 22:12:37.252|3|110370.000000|2|5|110350.000000|1|110390.000000|2|0.000000|0|0.000000|0|0.000000|0|0.000000|0|0.000000|0|0.000000|0|0.000000|0|0.000000|0|98434|109800.000000|112280.000000|109220.000000|109800.000000|117870.000000|104520.000000
2018-08-23 22:12:38.528 @SHFE F NI 1901|2018-08-23 22:12:39.024|3|110370.000000|2|5|110360.000000|7|110390.000000|2|0.000000|0|0.000000|0|0.000000|0|0.000000|0|0.000000|0|0.000000|0|0.000000|0|0.000000|0|98434|109800.000000|112280.000000|109220.000000|109800.000000|117870.000000|104520.000000
